64128
64080
65204
66073
63758
64284
68666
63557
63688
62355
62457
62478
62720
62428
62421
63028
61848
62574
62035
62442
62554
64244
63551
62745
62063
62082
61862
62335
61486
61652
61847
61469
62331
61508
61466
61780
61612
63868
62962
61303
62074
61618
61854
62074
62859
62239
62376
61961
62235
61946
62579
62334
62524
64006
64176
62223
63882
63657
63391
63698
63219
63186
63339
63532
64145
63678
62970
62887
63416
65696
65097
61579
62200
62389
61841
61932
63625
62136
61838
61651
61460
62496
61667
62375
64517
62724
61307
64555
66040
64604
64693
67484
64778
64805
64601
65155
64345
64141
64196
64408
65842
64282
61709
61881
61075
61872
61149
61437
60646
61100
60522
61599
61385
61926
61660
61929
63093
61201
64196
63424
63752
62850
62904
63152
62219
63142
62835
62521
63209
63386
69531
66583
63662
63209
62925
63001
62118
64105
62765
63732
62634
63703
63658
62692
62727
62762
63276
64150
63182
63719
63509
62838
62710
63353
63270
62694
62856
63293
66351
63012
63177
63628
65177
63274
63600
63032
63365
62827
62463
62192
62897
64184
64262
63987
62748
66486
63565
62453
63033
62663
62607
62833
64388
62796
62939
63194
62413
63082
61749
62625
62070
62670
62566
63401
63161
62616
62184
63112
62738
61796
61996
61853
62349
62213
62059
61583
61739
62732
62264
64948
62080
62746
62452
63221
63282
61919
62473
62424
62776
62571
63444
62741
62990
62318
63793
62595
62814
61683
61784
62050
61969
61872
61734
61403
60863
60584
62199
61468
62521
61742
63420
62474
61539
61331
62030
61380
61395
61053
61849
61674
61410
62219
61624
62500
62202
61240
62265
61538
61606
61995
61302
61592
61993
61098
61560
61246
61468
63282
61374
61463
62523
61456
62956
61990
62884
62403
63441
63045
62752
62479
62354
62314
62647
62386
62570
63029
62491
61898
69140
62666
61720
61640
63206
62132
61017
62385
61482
61382
63144
62670
62966
62508
63637
66432
68030
64829
63913
63965
63735
64012
66550
63010
64357
64206
64019
64104
63791
64227
63257
65729
61955
62936
61804
61491
62458
61998
61708
61866
61922
62922
62041
62033
61653
62164
61780
63564
61778
61519
62180
61886
61520
61908
61365
61799
61868
62019
62247
61658
61762
61371
61589
65343
64550
65237
64472
64555
65468
63469
64403
64557
66109
64436
66236
64024
64464
63918
64581
63223
63200
62587
62999
62872
63064
62968
63365
63277
62555
62781
63116
63285
62109
63315
63689
61428
62163
