19228
17102
21404
18010
21315
17529
16790
16814
15797
15360
15952
15542
16725
19133
16869
16141
15949
15926
14816
15238
15997
14849
14383
15797
14231
14810
14232
14211
13996
15069
14511
14518
13983
14653
13763
14781
14517
14964
14192
14657
13828
14502
14172
14462
14421
15033
14358
14925
13990
14985
13958
14787
14162
14929
14296
15295
14279
14819
15101
15425
14515
14469
14992
14227
15215
14248
14819
13958
14974
14071
14709
14122
14650
13880
14522
14425
14797
14185
14396
14077
14575
13958
14862
14356
14306
13954
14949
14385
15863
17984
16357
16417
17439
18682
16769
15380
16389
16272
17231
16758
22508
19906
18256
20159
21220
21554
18114
18522
17906
16130
18006
18139
19070
16929
17631
18276
15960
15499
15496
15665
19223
21678
17526
20556
15999
15381
17995
21405
16772
14800
15419
16122
15239
15698
15078
16896
16271
15208
16444
15141
15767
15609
14902
14517
15269
14874
15332
14353
15058
13935
15054
14129
15289
14713
14352
14467
16449
19322
14537
14510
14802
14957
14335
15335
14469
14808
14644
14348
15122
14624
14212
13974
14170
14172
14113
14461
14828
14113
14286
13873
14733
14057
14677
14147
15585
17021
15935
17500
19152
14809
14356
15106
14857
15791
16232
15794
15761
15518
15941
15630
15930
15548
15779
15603
16157
16705
17428
15216
16070
15121
15960
15846
15768
16310
16680
15423
14337
14311
16182
15837
15772
15638
16591
15372
16096
15306
15844
15573
16524
16033
16141
15858
16108
15391
15333
15801
15770
15227
15312
15238
15629
15273
15292
15222
15729
15142
15546
15944
16351
15407
15016
14791
14862
14926
14776
14864
14736
14926
14402
15039
14119
14964
14190
14640
14112
14932
14015
14925
14082
14332
13876
14334
13890
14153
14697
14708
14642
14191
15897
15741
15056
15047
15121
15095
15687
16527
15515
15693
14831
14268
14432
14030
14802
14309
15025
13944
14904
13934
14213
14522
14282
16060
14424
15134
14038
14717
14066
14425
14110
15072
14890
14923
14064
14921
14195
15076
13776
14534
13941
14683
13789
14547
13612
14582
13884
14603
14132
14550
14091
14633
13914
14339
14304
14433
13788
14592
13910
14769
13902
15017
13702
14705
14393
15248
14438
14723
14382
14748
14624
15104
14969
14871
14443
14883
14396
14976
14025
14765
14053
15374
14102
14839
14219
14502
14168
15364
14547
14724
15001
14660
14936
14408
14520
14519
15117
14491
15239
14778
16137
15089
15469
14907
16075
16262
16207
