27430
25524
25643
26847
25446
27646
27616
26325
26227
25939
26260
26051
25982
25661
25636
25392
25615
26023
26238
26193
25909
25294
25374
25697
26692
26099
26537
25833
27347
26063
24960
25337
26049
26033
25788
25983
25863
26262
25211
25320
25511
26067
25510
25406
25651
25083
25464
25295
25744
25621
27044
25109
24963
25772
25596
25656
25794
25493
25688
25387
25210
26168
25867
25819
25774
26721
25907
25895
25062
25434
25094
24550
24718
24788
24159
24908
25073
24807
24723
24715
24306
24816
25035
24941
25316
24887
23827
24264
25032
24873
25367
25304
24176
23970
24645
24977
24600
24567
23954
25925
24852
24773
24562
24992
25420
24244
24528
24885
25474
25510
25747
25279
24927
25471
25226
25470
25544
25268
24983
24876
25513
25599
25397
25639
25154
24586
24524
25763
25601
26111
25894
25712
25049
24441
24889
25867
25897
27361
25673
25757
24589
25584
25612
25995
25358
25243
24893
24600
25106
25205
25506
25700
25424
24694
24556
25611
25548
25284
25676
25609
25664
25627
25911
25821
25582
25607
26135
25961
25628
24819
25941
25224
25164
25080
28282
25438
25697
25138
25516
26194
25247
25787
24494
23522
24429
25076
25199
24432
24408
23762
24389
24032
24592
24252
24535
23601
29128
24563
24856
24406
24498
24344
24025
24437
24231
24704
24927
23573
24327
24277
24479
24559
25947
23972
24901
24884
24727
25160
24710
23884
24582
26033
26513
25831
26581
26692
25685
25025
25914
26234
26243
26006
26384
26216
25657
24831
25714
26338
25599
25880
25944
26507
25935
25050
26134
26776
25816
26212
26414
25547
26560
25028
25851
25658
26105
25936
26039
24930
24275
24341
25053
25544
25124
25196
25459
24605
25164
25705
25943
26727
25460
25908
26572
24935
25879
26922
25420
25383
25006
26108
24920
25448
26172
26101
25782
25999
25723
25872
25184
26182
26049
25761
25562
25513
25581
25590
24908
25111
25335
24808
24895
25226
24630
24964
25002
24975
25210
25152
24580
24624
25047
24899
25011
25577
25006
24719
25404
25186
25162
25353
25242
24637
24669
25585
26013
25874
25308
25412
25491
25455
25154
25216
25289
25291
25263
24613
25598
25242
25084
25250
25374
24407
24666
25289
25151
25003
25161
25131
24705
25711
25968
24919
25540
25350
25603
24584
25557
25496
25519
25248
25450
25021
26098
25939
25029
25195
25339
25179
24694
25722
26205
26046
26422
26255
26202
26364
25953
25570
25722
25882
25861
26402
25904
26523
26375
