16176
17904
17240
17038
16753
15381
15370
14614
15567
14865
14521
17292
15995
15001
15361
14740
15189
14295
16929
15812
16995
15707
17451
15858
17764
15946
15744
16759
16242
14949
15407
15047
14993
14720
15868
14236
15450
14972
14685
14732
18136
18627
17847
15962
15094
15746
15267
15089
14711
14473
15835
14340
15803
14657
16475
14515
15402
14580
15754
14310
15468
14483
16081
14250
15235
14529
16885
15208
14493
14833
15191
15138
16061
16510
15388
15061
14708
15293
15421
15346
14674
14945
15566
14536
15667
14786
15941
14739
15819
14479
15787
14921
15848
14630
15937
14517
16455
16483
15012
13828
14462
14736
16170
14846
14643
14606
14226
14182
13675
14462
14083
14221
13424
14127
14034
13875
14113
14444
14081
14173
13455
13820
14195
13923
13608
14297
14078
14264
14183
14085
14177
14109
13421
13658
14119
13250
14935
13938
15135
13959
15037
13557
15107
13569
15049
13461
14644
13475
14106
13856
14731
13857
14624
13787
14560
13584
14753
13803
15225
13446
13781
13473
14717
14815
15940
17547
16990
15668
15024
15592
14833
15221
15381
15548
15303
15422
14769
15656
15300
15630
14693
14628
14982
14774
15470
14526
16142
14639
15822
14675
15784
14704
15841
14888
15097
14676
15841
14886
21504
14905
15271
14807
15797
14662
15615
14580
15542
14700
15430
14695
16206
14611
15209
14973
16191
15379
14782
15381
14921
15534
15691
15506
15255
14815
17025
15752
14158
14399
15712
15064
14215
14940
15093
14258
15465
14439
14572
14237
15529
14447
15221
14189
15059
14201
15422
14526
15062
14048
15265
14162
15394
14107
14892
14345
15694
14076
15444
14046
14921
15941
15081
14038
14694
14011
15128
14237
15328
14085
14858
14213
15419
13831
14323
14327
14225
14431
14034
14704
14248
14692
14013
14694
14773
15007
13474
14897
15647
16798
14477
15040
13708
14891
14479
14667
14660
15175
13615
14736
14395
14860
14359
14884
14213
14840
14610
15091
14261
14953
14177
14921
14750
15038
14251
15048
14042
14527
14117
14475
14821
14452
14290
14303
14405
14595
14532
14824
13493
14763
14138
13872
20749
17521
14222
14320
15274
14157
14973
14610
14429
14685
15074
14140
14905
14284
14187
15570
15464
16389
17908
16066
15483
15921
15486
17115
16784
15320
15642
15153
16288
15368
16573
16615
15148
16015
15260
16378
15881
20748
16937
15976
15324
15438
16805
15069
16151
15468
15471
16846
15755
16312
15344
16265
16673
16009
15966
