25678
26539
25699
26113
25714
25959
25898
26460
25459
26440
26466
29584
29409
25137
25017
25288
24203
24374
25387
25376
24938
25043
25102
24165
24757
25042
24987
25552
24925
24210
25519
25101
24833
25089
25097
24567
26335
25063
25383
24949
24676
23904
24737
25184
25142
25159
24994
24385
24329
25649
28826
25692
25665
26988
27554
26346
25208
26075
25701
25784
25928
26506
26076
25423
25114
26569
26227
25781
26920
26060
25652
25894
25973
26597
27063
25851
26638
26173
25505
25595
26849
26106
26143
25624
25744
25123
25050
28453
25894
24798
25092
25432
26101
25300
24673
25527
26064
26270
26202
25607
25232
25588
27007
26780
25785
25619
26540
25701
25749
26200
26282
27227
28839
29183
27828
27380
26567
26886
27108
26581
27179
26760
27247
31007
27269
26416
25843
27397
29769
29578
29170
27147
28066
27700
26357
26475
26136
26889
26161
25729
27234
26208
26065
26406
26261
27299
27584
26757
27086
26350
27712
25802
26036
25497
24986
26013
25369
24726
25121
27796
27423
26130
25657
25570
26158
27088
27483
27734
26931
27396
26206
26579
25655
25768
25010
26807
26000
26665
26154
26393
27213
27105
26525
25482
27619
26665
27153
27465
26506
26166
25696
25075
23524
25546
26437
26642
24565
24661
26900
25835
26075
25882
25725
26769
26005
24821
25052
25063
24445
24894
24367
23835
24490
24845
24238
25014
26043
23755
24312
24869
24595
24541
25012
24168
24258
24536
24469
24723
24176
25044
26351
26842
29079
26430
26496
27084
27383
28091
27715
27205
26697
29432
28534
27998
28109
28167
27016
27146
26877
26854
26719
26245
27863
27313
26992
27314
28710
27451
29816
28115
28311
28376
27475
27787
25945
26064
24422
27719
25399
25369
24892
25167
25101
24157
24674
25247
25134
25383
25096
24313
24978
25483
24920
25315
25477
24645
24298
25047
24730
25194
25045
25070
24108
25023
25044
25177
25718
25913
24992
24301
24866
24993
24836
24976
24468
26365
24807
24444
25133
24970
25250
24323
24419
24883
24729
25276
25118
24383
25439
24890
24880
26447
25778
26141
25507
26546
26570
27280
26106
27536
25572
25215
24930
26898
26505
27556
26670
26188
27335
26708
26686
27835
26997
25187
24679
25907
26227
25604
25511
25369
25487
25100
24339
26635
25154
25422
26742
25344
26292
27982
29570
32094
28378
28600
29492
28878
29206
26703
27937
27506
29063
28249
26310
26805
28088
26776
26862
28604
27639
27345
27226
26002
26209
27410
27493
