67272
68735
63416
64666
65849
66342
67026
63063
63616
65578
64365
66358
63089
62993
63812
63571
63212
64929
63423
62711
63477
63093
63175
63424
62914
64187
63914
64248
63987
64003
63688
64191
62817
63498
64613
63190
63273
65084
63740
62900
67561
62734
65552
62821
61830
61941
63144
61813
61729
62733
61939
62344
61618
61679
62073
61985
60951
61793
64836
62729
61186
60697
61292
61220
62835
63198
63442
67370
61671
64454
61639
61947
61277
61941
63256
61125
64463
60636
62120
60950
61387
63634
65737
62122
61883
67780
62372
61691
70290
65538
63500
63397
63691
62712
63421
63330
64075
63156
63951
63290
63671
63316
63124
63811
64787
64223
62705
63411
62481
63493
63489
64020
63586
63072
65133
64069
63615
64066
63272
63782
67527
63390
63680
64015
62959
62716
63071
62278
64840
63868
63076
63437
63832
67382
61854
68079
61454
61780
61260
61052
60934
61525
60973
61430
60719
61116
59963
61719
62057
60611
62440
65132
62359
62283
62278
61892
61710
62303
68715
61292
62493
61586
62108
61693
61690
63042
67250
63481
63281
63054
63225
62397
63935
63413
63433
62347
62991
63325
62654
62505
61365
61644
65237
62727
61045
62050
61541
61683
61242
61933
62121
61767
61398
61905
61776
62036
61753
61488
65851
61233
62823
61674
61679
61652
61278
61956
62256
60893
62062
61719
62095
62008
61686
64509
63982
62032
62229
61790
62173
61704
62167
62019
63192
62859
62076
62685
62062
62326
63620
65106
63588
62639
63298
63291
64421
64802
62587
62949
63705
62930
62685
62685
63395
62626
63336
64133
63052
62415
62672
61846
62364
62169
62248
61757
63018
62109
61950
62716
62487
63121
63534
62453
63498
62045
61900
61308
61856
61301
61390
61999
62648
62173
62160
61512
62155
61657
65223
63345
63812
62357
62299
62321
61921
61999
62196
62068
63831
62505
62505
62166
61373
61091
63313
60871
62973
61398
60977
61313
61420
60961
60532
61445
61339
61639
61925
60744
61330
62587
62396
66632
63732
61887
62635
61884
62449
62367
62498
62052
62901
63626
62354
62762
62703
67468
62543
62456
63182
62784
63206
62131
61732
61191
62290
62750
63180
62866
62572
61298
62579
64590
61608
60912
61905
61954
61335
61977
61850
61056
61463
61512
61646
61617
62502
63157
65560
62207
62431
61211
61870
62160
61896
61792
62183
61623
62500
61801
61462
63668
63660
62886
64510
62442
62744
62656
62765
63133
62311
62792
62854
62771
62737
62333
61108
63069
62316
