32315
31758
31736
32734
31969
31566
31070
31625
31346
33265
32147
32308
40282
32197
32836
31804
31028
32196
30896
31934
30134
31672
31448
31286
31292
33913
31275
31924
30679
31925
31821
42392
30655
30380
32378
30523
30456
31165
31236
31658
30840
30113
31847
31056
30787
32819
30094
29742
30324
31155
30988
30784
31213
30292
30218
30304
30530
31244
30305
31175
31439
30701
30605
30948
31264
31657
32737
31406
32041
30334
32634
31504
31185
32163
31911
31002
31902
31051
31235
31788
31962
31146
31561
31102
31115
32135
30869
31981
30253
31972
31302
31553
31583
32096
32043
31669
31959
32487
31582
32861
34688
33056
31980
32404
38791
35307
32760
32389
33368
33251
32408
33714
32842
34013
33716
32838
31982
31885
31468
31188
31280
31572
31527
31821
31246
31015
32859
31107
31283
32531
32525
31159
31582
31491
31549
30631
31270
30892
31140
31502
32452
30851
31471
32520
30778
30476
31290
31043
31713
31726
30975
31079
31500
30636
31215
31006
31942
30687
30796
31451
31158
32579
30845
32431
31419
32340
31559
31337
31027
32595
31696
31649
30234
31012
30626
31221
31836
30933
30550
30502
32791
30399
30873
30898
30821
31541
30317
31317
30571
30773
30452
30836
31210
30815
31518
30640
31167
30551
30473
30189
31271
30866
30466
30867
30348
31436
31603
30758
30885
30474
31351
30780
31652
31080
30362
31346
30862
30079
30300
30179
30848
30681
30801
31546
30368
30719
31232
30595
31614
30696
31955
31899
31966
31452
30905
31479
31509
30896
30984
31632
31526
32802
31098
30216
30327
30551
31780
33684
30505
31110
31039
31578
31238
31304
31851
31687
31492
31164
30715
30435
31526
31637
31195
31803
31199
30160
30241
30527
31524
31206
31185
30920
31574
31971
32017
31969
32055
32056
31838
32116
32012
32668
32620
31685
32753
31679
31282
32882
32170
32085
31565
32788
31798
31873
31475
32325
31903
33912
44010
30980
33384
32979
32545
31998
32446
32117
34812
32250
31879
32676
32988
31904
31381
31037
31160
31056
30911
31242
31873
32855
36808
32151
31073
31066
31010
30888
31464
30701
30794
31123
30671
29441
29958
30727
30818
29986
30062
30053
30258
29616
30538
29052
29747
30091
31138
31184
29835
30817
30225
29869
29892
29464
29744
29788
29602
29565
30874
30681
30274
29813
29788
29187
29808
30341
30800
30134
29883
30006
30228
30361
29922
30429
30827
30087
30079
29465
30354
30552
29443
30287
29803
30597
29635
30273
30963
