22876
22852
22819
23282
23361
22502
23026
22748
22729
22738
23183
22559
22315
22358
22673
22417
22902
22383
22805
23094
22699
22568
22763
22365
23105
22946
22583
23127
22547
22763
22359
21553
21827
22236
22786
22310
21463
22036
21897
21298
22054
21910
21793
21970
21745
21224
21721
21605
22040
21739
21830
22069
21716
21382
21608
22704
22299
21958
21617
22527
22251
21496
21992
22261
21429
22464
21504
21825
21833
21491
21503
21434
21668
22426
22245
22585
22334
23448
23016
22129
22777
23098
22236
23602
22603
22858
22620
22583
22990
22805
22368
23356
22475
22778
22183
23060
22651
23061
22802
22897
21921
22958
22698
22478
22562
22483
22809
22403
22189
22406
22057
22776
23214
22306
23643
23908
23231
23119
22680
23015
23289
22434
22802
23248
22557
23117
23078
22991
23108
23116
22377
22699
22964
23471
22782
22752
23332
23285
22150
23133
22482
23148
22836
23097
23255
23518
23140
23432
23507
22506
23127
22612
22763
23289
23373
22471
21865
22385
22053
22464
22443
22513
22110
22346
22526
22407
22817
22053
21833
22541
22176
21870
22401
21679
22709
22368
21940
22342
22061
22525
22500
22010
21926
22347
22330
22325
22508
23511
22015
22167
22189
22222
21785
22609
22060
22145
22256
22695
22624
22559
22588
22549
22545
22344
23121
23022
22555
22870
22426
23063
22590
22882
22753
22739
22624
22594
23370
22945
22972
23290
22499
22541
22930
22741
22850
22535
22754
22898
23089
22357
22467
22973
22784
22862
22528
22417
22602
22900
22428
22247
22327
22595
22173
23283
23327
22890
23574
22228
22897
22585
22572
23301
22434
23371
22298
22322
22524
22397
22679
22438
22687
22566
22183
22447
22549
22973
23671
22873
22226
22684
22424
22363
22790
21927
22795
22820
22513
22618
22869
22678
22925
22415
22360
22325
22861
22789
22367
22670
22527
23237
23051
22513
22437
23075
23021
22491
22321
22616
22517
22584
22990
22379
22461
22336
22276
23017
22995
22403
22598
22558
22580
23428
22742
22579
22644
22805
22282
22166
23233
22767
22600
22131
22019
21711
21983
21815
22317
22057
22205
21438
21419
21693
22129
22356
22307
22480
22207
22610
21606
22171
22086
22306
22104
21973
22862
23020
22047
22600
21957
23136
22357
22005
22245
21809
22084
22349
22216
22253
22179
22389
21925
22071
22096
23182
22954
22548
22566
23071
23112
22584
22332
23309
23055
23062
22054
23255
22604
22993
22287
22302
22663
22301
23273
23117
22580
