21377
20929
20518
20586
20473
20905
20145
21471
22224
21822
21681
21969
21281
21319
21364
21913
21322
21345
21332
21543
20859
23057
20997
21452
22040
22013
21695
21725
21563
21674
21025
21182
21041
21829
21599
21470
21260
21661
21572
21212
21126
22213
21558
21380
21774
27973
26026
20985
21841
21466
22215
21086
21497
21507
20939
20271
21749
21504
20882
20943
20894
21483
20333
21123
21136
21841
23093
21334
20323
21262
20523
20824
21144
20669
20879
21194
21099
21607
21480
21378
20918
20765
20743
21354
20993
21429
21449
21304
21518
21310
21133
20855
21409
20236
21871
21245
20894
21283
21070
20844
21389
21338
21227
21226
20938
21670
21238
21258
20884
21455
21329
20834
21363
21547
21299
21330
21490
21244
21013
21023
20818
20904
21548
21147
21488
20606
21370
20678
20994
21053
23196
20827
21177
21986
21230
21376
20828
20926
21094
21382
21940
21413
21119
21746
21271
21494
21655
21401
21297
21101
21728
21380
21667
21613
21289
21732
21327
21980
21768
21205
21451
21246
21688
21472
21786
21375
21502
21238
21478
21644
21554
21265
22477
21983
21995
21299
21154
21274
20900
21055
22426
21447
21383
20901
20608
21315
21349
21321
21135
21428
21269
20650
21095
21142
21427
20954
21236
21457
21437
21010
21041
21579
21229
21053
21164
21490
21500
20316
21537
21581
21528
21478
21406
20640
21011
21447
21477
21241
21561
21930
21630
20819
21205
21123
21459
21411
21771
20523
20899
21797
20743
20859
20576
21040
20942
21582
20943
21237
21341
21311
21304
20882
20764
21113
21111
22357
22105
20648
20902
20918
20597
21228
21627
21136
20920
20594
20998
21070
21044
20710
21540
21835
20808
20608
21092
21177
21485
21694
21242
20562
21282
21093
21581
21241
21439
21391
21994
20527
21000
20953
21258
21321
20996
21427
21247
21220
21980
22240
21413
21658
21538
21424
21307
21101
21076
21333
20960
21408
21088
21304
21484
21001
21382
21238
20630
22118
21526
20794
20727
21302
21322
21229
21709
21020
21035
22008
21375
20996
21533
21259
21467
20878
20770
21492
22063
21504
20607
20538
21242
21102
21524
21245
21692
21647
20821
21412
21372
21240
21829
21017
21177
21464
21319
21217
21359
20899
21209
21121
20911
22033
21881
21555
21145
21163
21769
20830
21203
21565
21032
21168
21248
20569
21068
20625
21789
20724
21563
20591
21761
20870
21089
20392
21075
21247
20994
20600
20997
22381
22172
20635
21514
24637
22122
21574
21003
