47733
47340
46591
47509
48771
49315
48540
47626
49225
48678
50067
48056
49008
48206
47973
49365
48412
48275
49043
49469
48681
48509
47378
50008
50033
46600
48079
47909
48458
48371
51249
48397
47333
47695
48630
47968
47548
48064
48158
50043
48359
46887
48340
47712
49314
49296
48147
46846
48499
47150
49238
47986
48269
49395
46970
47463
47082
48078
47900
47932
47376
48661
47948
49197
51378
47885
51427
51341
51391
53486
52446
49267
53681
53370
52507
51326
54049
51937
49493
49774
47854
48484
49573
49820
47650
48066
48227
47749
48095
47845
50092
49946
48489
48660
47927
48535
48972
48914
48465
47470
48215
48183
46555
49802
48740
47558
47404
46367
48947
47719
49113
53159
49907
47548
49440
47667
48531
48459
47813
47344
48481
50059
50385
48394
50289
47856
48473
47555
47287
48598
49060
51940
47486
47993
49255
48297
48413
47457
50452
47093
47880
47914
48053
48304
50415
47888
46353
46619
48111
47846
48035
49896
47703
47188
48624
46959
48261
48304
48648
46664
50306
53317
49984
52490
55472
51205
53179
51139
53272
53256
50844
50393
51060
47452
49293
47635
49022
47525
51716
50610
47462
46991
50434
51046
51308
48426
47244
47500
48214
46498
53683
47220
48005
47795
46506
46104
47729
50674
47720
46747
48897
48586
47276
48149
48823
46774
48823
48299
45697
47928
48188
47211
47647
48576
47693
46279
48434
47086
46606
47466
47189
46867
47651
47091
48852
47411
47464
46726
46254
47586
48952
47704
52826
47916
47345
48363
47824
46939
47135
48092
47076
47879
46908
46290
47610
48902
47396
47856
47484
48608
48031
50663
47818
47279
46976
49107
47394
48159
48307
46395
47058
50130
48129
47329
47764
47605
49869
48021
46864
48673
47670
50607
48370
47824
48150
49095
47352
48485
47543
48419
47740
48666
48650
47845
48186
46329
51040
48715
46853
47347
48742
49940
49318
46910
47881
46954
47327
48857
48094
47739
47693
51390
46789
48567
50105
47369
48190
48751
47350
48317
46338
48499
50118
49039
47133
48492
47090
48088
46413
47301
46855
49109
47331
47048
47261
46574
48627
47078
48300
51131
48536
47185
49092
47275
46825
49377
52447
50643
51838
50034
50719
48174
48156
48457
48360
47268
49984
48222
49334
47005
47205
47269
50640
47743
47488
47978
47795
47447
46732
47696
46994
47574
47971
48496
48880
49402
47590
52244
48520
47410
48416
46750
46417
52329
47654
47941
49903
48278
49703
47355
48651
48700
49283
47588
48694
