21585
21193
22317
21288
20680
21238
20334
21257
21338
20331
21821
21627
22052
20750
21013
21397
22202
23006
20910
21102
20210
21172
21181
20180
21256
21808
21018
21508
21033
21539
21733
20899
21317
21417
21405
22741
21795
21596
20761
21376
20316
20471
21203
21499
21709
20903
22416
21224
20918
21062
20612
21581
20973
21809
20962
21176
20136
23981
21092
20618
22183
21494
20762
20602
20301
20053
21522
20944
19859
20053
19102
20936
19906
20491
19980
21250
21264
21406
21457
21381
19664
20671
20476
20741
20241
20672
20543
20078
19879
19726
19471
20673
19997
20879
20769
20257
20128
19810
20339
20833
20403
20947
20549
20890
20847
20856
21092
20165
20624
20510
20941
20050
20352
20098
19968
20689
20560
19690
20565
20972
20425
20837
21014
20619
20528
20607
21942
19888
21462
20997
21709
20357
21805
22059
21080
21347
21304
22833
22236
21280
21380
22407
20413
21232
22133
20364
21294
21917
20868
22037
22113
23101
22083
21689
23456
21973
21890
22099
21614
22791
22119
22709
22729
21656
22474
22880
22655
22256
21297
21409
21638
21956
22835
22289
23185
22023
21664
21055
21376
22654
20240
21848
22114
21375
21461
21754
21144
21551
21105
20697
20888
20975
20586
22512
21417
21683
21755
21434
20593
21350
21594
20763
21536
21915
20543
22537
21681
20862
21002
21416
21518
21572
21553
21158
20690
20254
20567
19968
20137
20220
21571
20071
20382
20011
22315
21336
20629
20220
20771
20855
21217
20121
19740
19806
19443
20584
20049
20823
22239
21976
19894
20106
20421
20953
20318
20681
19879
20671
19761
20617
19929
21131
19699
20700
20101
20605
19274
21616
21016
21099
21092
20619
20982
20279
21153
21459
21299
20127
20802
21036
23072
22116
20390
20723
20940
21146
20928
21086
21179
19947
20873
20815
21298
21513
21956
20988
22276
21758
21669
21526
20748
21451
20010
21447
20453
21113
20809
21065
21145
21605
21121
22025
22371
21415
21276
22363
21996
21113
21385
22153
21607
21342
22170
21854
21686
22415
22196
22693
22218
22115
22075
21583
21721
20908
21781
22155
21870
21588
22678
22744
21638
21438
21053
21696
21546
20794
22049
20979
20863
22152
20623
21874
20539
21248
21624
21522
21246
22068
22125
21880
21619
21522
21194
22093
20766
21628
21526
21606
22150
22280
21242
21885
21413
21342
20570
21823
21745
21886
21013
20421
21177
21788
23109
21909
22465
22050
21254
21335
21153
21176
21637
21533
21115
21747
21350
