40644
40027
39306
40030
40247
39595
40911
39261
38099
38620
40930
39815
39956
39312
40851
41268
38180
39564
40619
37807
39764
37448
38537
39219
38729
38700
38059
38945
38522
39367
39246
39498
39359
39461
38171
38825
39105
39401
38614
38941
37187
38462
39006
37986
38044
38985
37802
38424
38767
37713
38711
39370
38385
38000
39020
39723
40214
40931
40081
41546
38597
39666
38256
38915
37288
39485
37070
40876
53426
43182
38925
38428
37879
37711
39025
40287
41006
39923
38666
39295
42728
43109
46352
41118
45724
40924
39793
45031
39198
39826
42325
42311
39395
37799
38884
38062
39172
37797
39423
39506
39954
39992
39450
39620
39781
39661
39263
39716
39150
38884
38788
42102
38894
40566
38677
39622
39527
38822
38828
40197
38061
38902
38721
37455
39189
38511
39317
37787
39076
39073
39049
38726
39795
38478
39049
39549
40212
38096
38548
39010
37846
40399
39394
39587
40060
39782
38660
37111
38181
37138
36916
37021
37172
39943
40247
38142
38813
40214
39112
39210
37600
39516
38150
39104
37741
40141
40158
39308
39447
40541
38800
40335
39756
42141
40126
39307
40512
40749
40934
40848
37728
41241
40566
41622
40484
41459
39349
40569
39106
40097
40177
40969
41335
38305
38258
39727
39297
40241
44447
41298
39732
37884
38234
38981
38704
39438
39569
38827
37909
39558
39490
37758
40014
38830
38455
38976
37823
39554
40873
41364
39246
39913
39202
39434
39470
38941
39549
39259
39784
40644
38391
41076
39069
42417
39047
40124
39593
39754
39109
40768
39634
39692
40262
40186
40679
39953
41724
40519
39986
41012
40115
41006
45263
41400
40614
40551
39494
40447
39130
40653
41325
38668
40923
40228
40093
41074
39733
40313
39099
39816
40521
39113
40134
41430
40543
40307
40234
40476
40724
40701
38736
39930
39227
39825
41206
39982
39565
38549
40255
39232
40903
40996
43209
41644
39956
41562
39586
39981
40580
38470
40681
39942
38298
40786
38428
41348
39058
39533
39714
40200
39358
39343
40022
40676
39117
39828
40117
37849
39310
39253
39835
39431
39013
38592
39561
40379
38785
41045
40345
39492
38230
38943
38327
42301
40445
39586
37424
40526
39387
39814
40554
40455
41584
40336
40833
40483
39273
40522
42121
45355
40939
40910
40839
42644
40867
43014
39040
40685
39082
42111
40221
39207
38255
39691
38254
37726
40102
46567
40292
39818
40047
39748
38866
38995
40108
39379
40537
39198
38488
37870
40639
38160
40237
39729
40501
