17013
15612
16285
16329
15575
16086
15931
16449
16787
16547
16278
16458
16716
16110
16533
16292
16367
15273
17378
16693
15163
16211
15236
16809
17044
15890
16019
15734
16331
15983
16733
15465
15943
16420
15412
16893
15890
17098
16599
16003
15965
16557
16567
15797
16495
17293
17655
17214
16923
16044
16036
16353
16706
17335
16535
16583
17657
15565
16650
18676
16500
16774
16692
16882
15684
18076
17350
16438
17030
16265
17506
16655
16221
16898
16314
17598
16270
15351
17474
16999
16386
16741
17652
16539
16955
18149
16439
16896
16816
16447
17442
15626
16334
15163
16449
15626
14709
16239
15660
16471
15805
16825
17857
17248
16026
15053
16057
17017
15820
15970
16765
16980
16338
15789
15477
16724
15635
16553
15403
15571
15431
15869
17021
15359
15383
15151
15689
14701
16423
14979
16444
15832
15269
16233
15546
16646
16131
15829
15710
16411
16590
15663
16816
15904
16748
15672
16339
16478
15436
16888
15433
15779
15735
16200
15832
15558
16476
15274
15999
15254
17499
15937
16359
15934
15718
16222
15610
15579
15450
15988
15780
15887
15827
15792
15747
15520
16474
16241
15997
16588
15829
15702
14725
16451
15013
15923
14966
16470
15256
15611
15771
15849
15188
14633
15309
15388
16251
16079
16115
16411
15288
15181
14856
15393
14979
16571
16588
16693
16662
16979
15702
15479
16304
15881
16551
15804
17317
15358
17106
17059
16868
16145
15505
17211
15221
15741
16563
15997
16180
15544
16810
17509
15230
15791
15742
15933
16816
16730
16741
15519
16219
15622
16571
15528
16259
15682
16336
15280
16125
16208
16788
15899
17297
16233
17878
17248
16984
16059
16133
15336
16546
16183
15065
15824
15303
15412
15656
16872
16543
17711
17486
15367
16694
15263
17484
15818
15062
15719
15896
16676
15057
15480
15827
15807
17261
14945
15696
15314
16161
15029
16643
16248
15832
16948
15496
16122
15510
16740
14960
16000
14924
15824
15622
17056
16403
15325
16072
15904
16296
15398
16941
17142
15166
16578
15792
15817
15978
15878
15541
16024
16696
17212
17364
16318
17448
17243
16664
16801
17799
16962
16133
16722
18135
15503
16821
16262
16144
17645
15433
17000
16363
16927
15874
16305
15976
16238
16989
17474
16448
16126
16848
17396
15814
17179
17045
16616
17662
15797
16948
16121
17589
17330
17053
16915
17289
16982
15857
17000
16397
15964
17097
16749
16400
16485
17811
17482
17398
17516
16203
17546
17101
16165
16989
17566
17206
