26103
25672
25022
25679
25417
24799
25853
24632
25019
24964
25070
24593
24918
24333
25560
25294
25006
25074
25178
24141
24764
24966
25171
25116
25141
24750
24903
25704
24930
24446
24948
25469
24460
24496
24354
23550
24692
23749
23655
24137
23966
23691
23361
23880
23879
23544
24061
24394
23930
24408
23543
24658
24207
23944
23761
25116
24537
24472
24159
24124
23700
24556
24392
23819
24060
23760
23562
23172
24595
23160
24353
25444
25403
24617
25988
25097
25013
26217
24990
25122
25198
24968
25378
24461
25799
25371
25388
25310
25018
25993
24835
25695
25315
24778
25621
24917
25041
25568
25535
25633
25038
24600
25335
25766
25593
24898
25394
25261
25763
24714
24857
24360
24758
26218
24394
25876
25117
25322
24103
24186
24858
24833
25088
24493
25285
25859
25853
25388
24875
23999
24204
24853
25707
24538
25231
25596
24711
24993
24186
24644
24794
24427
24586
23674
25296
24450
25438
25745
25063
25230
24894
24950
25200
25980
24446
25333
24696
26236
25374
26517
24319
24688
24866
25593
25577
24726
25650
24573
25637
24808
26421
25368
25779
25929
24893
25382
25422
24539
25440
24805
25632
24878
25005
24124
24993
23322
23337
24498
24958
24217
24063
23237
24187
23915
24053
23929
23898
24059
23620
24527
24191
23185
24022
24122
23848
24087
23027
23919
25047
23785
23853
24117
23742
23938
24849
23861
24307
24197
23681
23452
24491
24178
23743
24603
25282
24220
24843
25328
24970
24864
25978
24991
24845
24671
25377
25190
24684
25430
25357
25465
24473
25569
24467
25197
24718
25569
25256
25394
24797
24711
24755
25633
24743
25395
24848
24391
25255
24737
25355
24905
24798
25493
25299
24295
25278
24898
25856
24821
24432
23789
25094
24506
24353
24563
25192
24832
25027
23878
25882
24338
25145
24303
24697
25208
24821
24623
25174
25237
24390
25166
24205
24912
25028
24249
25058
25117
25050
25004
23897
24036
24399
25519
23841
24119
23768
23876
25246
23893
24232
24005
24205
24050
24506
23902
24367
24457
23627
23856
24676
24592
23723
24814
24532
24146
23979
24991
24636
24633
24053
23621
23912
25629
23974
25194
23840
23926
24490
25633
25681
25756
25871
25769
25563
25388
25732
25328
25892
25177
25634
25469
25507
25408
25937
25946
26116
25447
26262
25867
25820
25476
25316
26185
25514
26047
25194
25158
25455
25562
25523
26251
25698
24719
24763
25341
24700
24487
25127
24438
24755
23975
24737
24612
24981
24743
23941
