22723
21370
21005
20202
21736
20436
21725
20688
21822
22128
22473
20916
21350
20925
21275
21066
20400
22848
21156
21900
21567
20681
20764
22443
21281
21375
21023
20466
21943
21033
22216
22425
22385
20981
21461
20982
20990
20879
21256
21354
22520
21237
21152
22194
21661
21397
22434
21682
20860
21344
21420
21750
21968
20964
21307
22051
21116
20869
21697
21268
22099
21137
21192
20996
21465
21704
21385
22018
21938
22072
21878
21064
21639
21233
20857
22575
22045
21995
21155
21993
21381
20911
22658
21699
22094
22950
23635
21179
21366
21024
20616
21331
21469
20765
20640
21094
21740
21887
21737
21274
21172
21416
20894
20904
20960
21091
21265
22004
21220
20868
21828
21361
21181
20796
22282
20276
21271
21813
21260
21376
22371
21297
21168
20659
21489
21909
21641
21965
22023
20897
21344
20533
20941
21178
22598
22501
22105
22326
22555
21783
22442
22475
22708
22582
22087
22071
22461
22502
21470
22337
21974
21726
22401
22256
22626
21793
21638
21603
22343
21811
21871
21528
22992
22315
22825
22080
22551
22433
22288
22689
22367
22330
22196
22550
22173
20777
20113
19799
21137
21621
20774
20886
21104
19996
20646
20498
20619
20325
21037
21476
21057
20990
20768
20742
21092
20935
21097
20752
20804
20756
21518
20805
20995
20456
20927
20656
21472
20804
20721
20463
20975
20307
20564
20039
20519
20294
20753
20078
20528
20623
20908
20927
22215
20928
21872
21186
21735
20878
22566
21429
20157
22254
21055
22678
21081
53237
21040
21744
22378
21154
21547
21680
21004
21401
20716
20920
21093
21071
22016
22330
21301
21981
20912
20657
21515
22014
21013
21808
21221
21042
20540
21266
20842
22111
21351
21407
22493
22206
20664
20772
21417
20510
21609
22421
21878
21295
21720
21816
21395
22184
20873
21899
22242
20966
21988
21346
21477
21891
21647
20605
21555
20182
21984
22646
20912
21083
22505
20703
21530
21576
21879
20794
22866
21573
21051
20631
21278
20935
22694
21570
21774
21937
21336
21497
21698
21562
22080
21993
21766
21658
21664
21881
21847
21854
21815
21776
21854
21709
21629
21620
23129
21213
21391
22322
21277
22031
22419
21042
23214
22944
21760
21670
21819
20992
21624
21677
21497
22112
21269
20603
20496
20540
21140
21087
21643
20699
21071
21357
20763
21079
21213
21348
20531
21097
20848
21760
21176
21300
21379
21433
20912
20831
21705
20536
21195
21338
20139
22350
20906
21153
20954
21190
21807
22314
20299
