28005
26477
29122
27188
27948
27037
27353
26343
27581
27059
28163
26595
26932
26428
26907
27241
27363
27910
25740
27944
27389
27697
27610
27060
27758
27559
27485
26075
26636
27172
25216
27796
28520
27832
27183
27362
25827
26756
26752
26862
27363
26659
27291
27637
26491
25748
26033
26142
27050
26148
26177
26866
27308
26690
27540
26447
25786
26555
26393
26274
25915
25811
27075
26090
26165
26623
27090
28043
25043
27406
26055
28061
31090
31483
31256
30424
30831
30511
30080
29789
30582
27952
27526
27169
26987
27169
27667
27153
26887
29205
27377
27217
28015
27793
26811
27914
26501
27255
26283
27425
27620
28005
27406
28013
26047
26441
26560
26715
25442
25900
27301
26917
26966
26477
25901
27372
26237
25932
26940
27321
27838
25928
26281
26654
26903
28370
26966
27126
26383
26069
27471
26273
26980
26802
27089
26839
26737
29941
27243
26190
26361
26797
26830
26245
27295
27356
27124
27460
27676
26923
28089
27352
26853
27144
26773
26712
26766
27360
26892
27656
28283
27535
26888
28060
26302
25727
28705
27568
26617
27395
28881
28656
28521
25782
26837
26181
25384
26421
26268
25965
25455
26338
27444
27055
26225
27674
26375
27522
26829
27262
26923
26614
26666
27278
25555
28707
27044
26645
26692
26892
27031
26793
26918
27044
26343
26047
25391
28413
27468
26219
26120
26218
26773
25430
26624
26225
25451
26765
28173
27317
25694
26368
27138
25936
25796
27568
25809
27131
26507
26957
26466
28481
25967
28684
26313
27327
30410
31725
29437
30023
29361
29366
28969
29940
27779
27920
27209
27563
27298
28286
27388
26990
27087
27507
26268
25386
28421
27176
27634
27117
28423
27451
28132
26811
26655
28533
26496
27397
26990
26310
26721
26495
26854
26262
25317
27854
27629
27274
31187
32047
28537
26861
27734
27345
26311
25858
26300
25417
27345
32418
31956
30203
29512
28864
28397
27612
27574
27622
25899
34037
35065
40094
34103
31747
29789
31590
31218
31364
30567
32230
29585
32825
30471
30705
29775
28635
28723
29038
29743
29380
29108
27330
27950
28283
28005
27839
36698
34522
28512
29393
30928
28552
28389
26429
27941
27479
27431
27007
27714
26963
27215
27785
28224
29324
27888
27898
27179
28410
26917
27413
26983
26652
25991
26507
27124
25558
26256
26663
26137
26280
25712
25573
26437
26124
26998
27441
26278
26124
25619
26950
26975
26791
25869
26857
25773
26605
28097
26371
26089
27829
27108
27515
26992
27364
26245
