27078
26833
26915
26173
27029
26848
27395
32045
30141
41629
38258
37781
32285
28849
27806
28171
29064
30128
28837
27439
37378
37304
38342
38614
35882
36173
28497
42619
28558
29836
28603
27504
27108
26038
26626
28419
27236
26567
26556
26546
26556
27403
26205
26823
27708
28859
29370
29647
29083
28503
27985
28641
29881
29125
28393
28096
27645
28107
28179
26452
26530
28906
29723
27439
27663
28088
27011
27168
26912
28149
27896
27303
26804
26697
29025
27874
28193
28132
26620
27019
27399
28564
30363
29614
27113
26563
25414
26509
26371
25954
26754
26213
27860
26445
26141
25530
25424
26496
26656
27183
28472
26347
27384
26101
25073
28778
25876
25833
25993
26535
26256
27074
26515
27795
25891
27659
26920
27029
26261
26384
26882
26322
25297
26022
26448
26618
26357
25928
28694
27149
25965
26890
26073
26916
26383
26493
26758
26530
25842
26613
28383
25867
25352
27506
26388
26977
25973
26137
26527
26147
27275
26667
26972
27572
27333
27296
29697
29779
27512
27378
27464
27925
26962
27451
28099
27745
28573
27287
28414
29744
27752
28186
27395
27733
27230
30586
29600
27131
27927
29493
26988
26658
27290
26590
26644
27878
28524
29730
28934
29452
29531
29561
28435
28758
28267
27914
27203
27809
28507
27317
27918
27868
27070
28242
28456
27917
26262
26488
26321
26599
29293
27367
25887
26645
27356
27681
29198
29088
29186
28765
28935
28715
30355
28862
29710
29103
28367
28647
30111
28392
29336
28445
29227
28316
28930
28111
27099
27441
28082
29390
27815
27555
26683
28961
28784
27691
39105
34461
27632
27156
27528
27525
28271
27569
27318
33266
28678
28651
29034
28415
28652
29204
27593
29892
28758
31314
30256
28715
28933
28954
30195
30305
31333
28732
30375
30172
30904
28376
26690
27895
27744
27043
26563
26109
26316
25960
26915
27221
27501
27334
28125
27572
28058
28039
27013
26944
27899
27975
26469
28025
26839
27091
26829
26287
27257
27022
26793
26039
27204
26774
26905
27736
26621
26792
26796
26951
27518
27689
26635
27215
27021
27855
28576
28522
30012
28621
28117
28559
28979
28343
27494
26528
25647
28212
26571
27111
26233
27310
26742
26482
26647
27710
26044
25839
27277
26069
28369
26714
26642
26819
26430
27980
26277
26703
27120
26997
27557
26658
27288
28469
26907
26938
27666
27418
26579
26839
30313
26442
27449
27617
27403
26514
28920
27116
27320
27405
26819
26316
26264
26844
28182
28161
27803
27049
27319
