64653
64651
64307
65104
65532
63857
63334
66081
63228
69508
67644
71678
68196
72622
67725
66466
62955
66210
63868
64768
62714
63582
63287
65552
65487
63663
64257
66211
64313
63063
62454
63204
63560
64340
66142
63043
63720
63409
64060
63187
63780
67541
67569
64976
61978
64243
66459
65476
63221
64915
63316
66146
65487
63494
62305
64269
62814
62977
63107
64723
63822
67173
63445
62794
64668
65445
63025
63212
62727
64263
65620
67032
64343
64110
65797
62804
64070
64052
63876
63875
65293
64574
63709
62938
61448
68164
63170
64211
63397
63127
63373
62803
63292
62645
62904
66558
63676
63133
62000
62074
62395
62828
63353
62951
62020
61914
63085
63655
61891
63027
63907
63690
61752
62346
62644
63655
64265
65530
63368
65000
62648
63187
63120
62690
64028
64153
65449
63033
62521
64502
62746
62910
69403
62297
62708
64653
62837
63898
64637
62315
67243
66895
67199
62904
63599
63824
63852
64125
63049
63777
63637
63347
64987
63749
64228
63215
66499
73177
63223
63099
63298
63477
68830
67588
65901
64506
63979
65071
63761
63819
63593
63636
64186
64154
64011
63591
64269
63804
68908
63557
62526
63348
64558
63650
63507
64504
64203
64769
63995
64508
63187
65066
65772
66206
63315
63188
63897
65131
63374
62716
64432
65104
62677
66143
62784
63836
65459
63265
65211
64043
64441
63787
62759
65667
64207
63151
63516
63804
64336
64254
61945
63246
63156
63630
65879
64619
62603
63221
62450
63302
65134
62481
63716
63557
65438
63366
63470
63430
63238
63736
63706
64934
62803
62901
62649
64280
63500
63646
62577
66222
62706
62976
62520
62497
63674
62417
64428
63135
66093
65120
63566
62835
62292
63195
63588
63956
62514
64182
65972
70535
69639
64295
64646
63666
62816
64014
68156
63358
64292
64163
67378
67762
65812
64014
62726
64201
63151
62273
67084
65201
63094
64235
63220
63360
63026
67648
62981
63253
62749
62357
65169
62523
63262
62568
63104
62833
63396
63645
63414
62529
63579
64393
62972
63323
64014
63675
63947
63326
66960
62300
62327
62734
62322
63549
63727
63660
63586
63642
67765
63725
63621
65218
64108
63626
65304
64169
63156
65468
63609
64971
64345
64377
65351
63305
62984
67634
66746
68553
62932
63439
62728
63165
64360
64772
62680
63428
63400
65307
65393
63317
62588
65251
63952
66195
61886
63499
64597
63247
64269
63973
65262
65211
64179
65589
63709
62804
62802
63795
62833
62296
62676
63773
62527
62904
62432
