30289
29904
30137
31794
30121
30056
30459
30322
30302
30668
31108
30828
30563
30480
30323
31677
30940
30977
30839
30948
31441
31748
31176
31203
30362
30647
30697
31084
30967
31229
31163
30592
31297
30442
32464
30759
31269
32864
30869
31582
31075
30393
30340
30026
30168
30351
30795
29543
30450
30579
30432
30532
30364
30266
30288
30200
30999
30428
30633
30810
30146
29897
31447
30098
30590
32111
29927
29924
30107
30095
30342
30011
30363
30210
30573
30422
30582
30835
30776
30133
30673
30511
29725
30622
30362
31018
30112
30653
31010
30942
30203
30871
31197
31219
30734
30221
31878
31489
30240
30735
30916
29709
30462
30575
30506
30068
31278
30064
30566
30276
31281
30305
30234
30508
30176
30209
31459
30261
30132
30563
30465
30309
30174
30699
30432
30752
30745
30449
32671
30222
30532
30358
31036
30382
31899
30801
30792
30707
30424
30504
30514
31029
31828
30633
30654
30370
31693
30613
30465
30789
31218
30802
30783
30129
29985
31050
30283
30303
31096
32237
31194
30856
30632
30677
30686
30148
30791
30815
32975
31661
31483
30658
32881
31656
31452
32014
32440
31827
31387
31280
30376
30414
31403
30694
30788
30783
31074
31993
30996
30205
39542
29653
31265
30060
30487
29571
29437
29665
29284
29303
29546
29475
29883
29871
29487
29180
29903
29755
29614
29179
29557
28991
28758
29156
29407
29341
29521
30063
29686
30181
31691
32463
32187
33333
30452
29973
29057
31085
29927
30518
30700
30592
31466
31537
30987
32018
31559
32385
31744
31255
30347
30408
31064
30158
30444
31395
30690
31343
30028
30553
31043
30304
30425
31912
31895
31071
30918
30087
31419
31186
31501
31420
31327
32124
32729
31431
31224
31439
31944
32327
31552
30716
31719
30992
31127
31149
31229
31216
31674
32070
30897
30567
31780
31194
33467
31432
31463
31539
30122
30259
30294
29933
33546
29944
31469
30107
30123
30645
30363
31352
30374
30492
30661
30364
30614
30474
31129
31290
29819
30034
30870
29492
30622
30496
31699
32288
30787
30667
30558
30348
30343
30236
31319
31264
31009
31153
31369
30437
30983
31455
31431
32888
32927
33736
32510
31083
33895
33142
32690
31518
30158
30422
30952
31235
30729
32673
31028
30803
31242
31164
30107
29896
29491
29862
29987
30486
29765
30460
30385
29555
30220
30099
29751
31068
29100
30718
30268
31461
30799
31274
31058
30762
30339
30268
31142
30609
30798
35081
32985
31741
30640
30857
30685
30842
30784
