22370
20533
20204
21396
22270
20752
21433
21454
24056
22595
22910
24201
21679
21393
21203
22854
22222
22900
21505
21624
21673
22686
22917
21781
22264
22971
22767
22411
21401
23966
34833
22775
22125
22274
21925
21894
22473
21848
21873
23684
22764
21958
22249
21553
21294
22481
21484
21924
22253
22729
21546
22627
21808
28462
21663
21674
22155
21714
21284
20835
21385
20577
22911
22511
21682
22625
22404
23016
21371
21629
21690
23542
22522
21916
21079
22012
21573
22199
20733
22676
21785
21908
21911
20513
21920
21514
21577
21901
21526
21098
21470
23239
20843
20788
21172
21560
21921
22852
22975
21561
21858
21545
20893
21315
21661
21165
20938
21539
21307
20979
21830
21464
21710
21375
22051
21003
22264
21849
21373
21563
21597
20690
22324
21701
21014
21759
21441
21984
21721
22110
21730
22274
21147
22843
21550
21977
21748
22248
22066
22084
21697
21751
23080
21388
21327
22659
21744
21574
22316
21788
22092
21982
20945
22595
23338
21989
22269
21877
21790
22456
21141
22056
21809
22004
22672
21893
21168
21548
23208
21558
21866
21851
21986
21275
22329
21030
23202
21619
20144
20671
20362
22033
21319
20733
19953
21089
21162
21190
21064
21050
20764
21019
19923
21040
20926
20575
21011
20445
20244
20597
20435
19969
21126
20789
21314
20868
20403
21055
20391
19816
21321
20901
21093
20868
20561
20847
20304
20797
20698
20845
20961
20912
20547
20755
21412
21518
24418
20884
20571
21935
21432
20766
21396
21352
21167
20873
21543
20808
21650
21065
21227
21611
21805
21298
21297
20824
21410
21576
21569
20883
21448
21785
21001
20917
22372
20700
20655
20994
20668
21824
21282
20306
21856
20609
20990
20791
21904
21393
21452
21036
22850
20799
21990
21370
20597
20840
20893
21118
20691
21615
21155
20898
21228
20992
22241
21856
21285
20553
21352
21340
21192
21566
21784
21227
21000
20682
21049
20825
20762
20878
21165
21759
23173
21787
21188
20888
21237
22096
21241
20294
23203
22302
21491
21947
23115
22805
21855
22722
21038
21716
21371
20423
22148
21467
22558
21569
22188
22017
20820
21904
21661
20495
22934
21272
22223
20847
21381
22516
20998
22299
20807
22044
22384
21401
21979
21544
21898
21962
21401
21292
22157
21139
21970
21332
21557
20426
21256
21304
22154
19874
21157
21420
20926
22015
21103
20632
20592
20306
21406
22216
21226
20875
21014
20869
21490
20945
21416
20835
20954
20669
21097
20782
20933
21132
21434
