39193
39067
38592
39547
39669
40210
38323
40473
38675
40319
39252
39434
39276
39431
41354
40898
38040
39454
39561
38895
39692
39824
39730
39932
38917
39623
39535
38826
38798
37698
39099
38352
39791
39165
40558
39216
38569
39415
40921
40987
39953
38712
39866
39818
39131
38368
37561
37728
37425
38511
38868
38015
37292
38020
38332
38101
37549
37399
37911
37968
37893
38756
37995
37763
38824
39053
38062
36923
38996
36249
39113
40621
37572
39628
39597
39053
39186
37935
39967
39136
36689
39460
38808
39409
39941
38332
39244
36073
39380
40575
39832
39633
39035
38066
39202
37635
39201
38433
39056
38152
37659
38417
38171
38808
38518
37947
39938
37695
38146
38543
37966
38426
38137
38857
39901
38178
39454
37704
37643
38558
38279
39191
39025
38793
38033
38639
38872
39129
38089
39234
37395
39018
38342
39606
38270
37917
37713
39391
38712
40528
37684
38936
37868
38968
38275
39672
39260
38567
39105
38666
39825
38050
39668
39430
40473
38644
39620
39683
40646
38359
39048
39688
39896
39194
41829
39527
38625
40021
41622
36954
40238
38014
38531
38315
37826
38002
37933
38582
38246
39062
38521
36906
39703
37854
37759
39729
37336
38533
37652
40162
37936
37514
37095
39105
37484
39186
39501
37825
38066
37939
38494
38752
38934
38822
38565
39456
40783
39063
37495
40055
38092
38916
37597
38779
40228
38743
38439
39691
38491
38746
38125
38485
37762
39678
40243
38008
39533
39179
38586
38382
38558
38907
37751
39482
38863
38817
39644
39147
41795
39886
40203
38413
38781
38364
37957
39032
37878
38752
37574
37840
37854
37679
38958
40241
39069
38784
38853
38055
38017
39125
37981
37941
38741
40343
38025
39025
38416
38099
37950
38115
39520
37933
38546
39826
38173
38468
39262
38572
37848
38149
39208
38702
38549
38648
38994
39910
39055
38208
39924
38705
38680
40032
38456
40431
38889
38969
39046
39141
39563
37393
39335
39230
38498
38451
38132
37806
38900
40292
37552
39989
39306
38843
40955
39879
39269
39330
37920
39475
38550
38402
38723
37914
38156
37808
37446
38653
37309
38711
37376
39076
37980
38846
39242
38502
37804
38476
37913
38476
39499
39226
38367
37680
37828
39492
38963
38402
39597
38914
38547
38293
38566
39733
38966
39640
38395
39259
38778
38704
38211
38657
39644
38421
42916
39104
38557
38881
38594
39869
37890
39836
38374
38317
38058
40520
38374
38663
39154
38224
38722
37031
38074
39151
39568
39019
39115
