27628
27603
26837
27039
26481
26093
26384
27170
25991
25822
26630
27957
25964
26630
28502
29111
28482
27583
27871
26875
28207
26929
26118
27876
27974
30807
27866
26624
25429
25601
26050
26854
27539
26296
27403
26767
27201
26294
28669
26842
26866
25986
27065
28579
27941
27532
28314
26738
27331
30262
27999
27200
26434
26529
27872
27355
28261
26665
26656
26938
27299
43348
27289
27037
28295
26864
26245
26111
27391
27140
27722
26644
27818
26928
27407
26532
26623
25911
26711
25887
25866
26265
26626
26618
27621
26891
25191
26004
26171
25818
26015
26269
25997
26376
25539
25159
26118
26297
25820
25464
26481
25337
25567
25910
27582
26290
25438
25641
26275
25742
25324
26243
26714
26637
26996
28558
27271
26638
25697
29614
26264
26765
26553
26094
26478
26332
26278
26188
26209
26659
26637
26819
26807
26340
28501
26014
27224
25952
26474
27022
27401
26509
26256
26284
26932
27037
26433
26054
27581
26338
27744
27778
29058
30760
32508
32789
26846
26770
26407
27758
28996
27451
29456
30199
27364
26337
27441
26788
27335
26805
26220
27017
27854
26516
38872
34381
27247
27546
53679
29222
29399
27513
27068
27268
26150
26498
30383
32569
27688
26330
25691
26729
26629
26218
26521
25972
28416
29761
25908
27423
28115
26583
27240
28483
28223
25848
27294
27103
28908
28406
26833
27151
26819
27772
26382
26212
25690
28902
28501
26517
27460
29444
32306
27101
28017
26330
26639
25491
28730
28493
27922
26771
27215
26761
26296
26491
27219
25662
25754
36549
33748
28759
45145
31809
28515
27280
27186
26821
29343
27503
30241
27251
27972
27812
27236
29662
30782
31070
27760
28072
27602
26609
26609
27433
29580
27153
26413
29017
28372
26960
25948
27909
27984
27327
27728
25964
27531
26102
26108
27106
27219
27747
27115
28752
26588
27042
26697
26068
29743
30326
27760
27958
28354
27170
27594
29689
27785
27097
27020
28620
26686
27968
27837
28103
28213
26699
27744
27765
27394
28116
26904
26913
27325
26422
27472
27488
28285
28394
28329
27666
27682
27894
27943
30623
28465
27836
27814
27207
28890
27365
27354
27499
28230
29249
30078
28759
27815
26683
26146
26318
29894
27362
27134
26803
27271
26967
27196
26598
26273
27079
26813
26440
26934
26288
26934
26601
27085
26053
31071
26848
26413
26463
27140
25833
26319
26483
26824
25529
27272
26328
26466
27007
27353
26425
26346
25963
26569
26369
26510
26648
26045
27103
26717
27107
26796
