24987
25170
25851
24773
25151
24981
24413
24650
26306
25233
24484
25317
26210
25472
25184
25760
26250
25724
25554
25436
26726
26612
25419
25964
26212
25958
25323
26260
25560
25614
26202
26042
25924
25184
25417
26372
25879
25365
26251
25937
26168
25357
26183
25707
24820
25383
26707
25525
24844
25069
26216
25659
25071
25165
25501
25054
25685
25820
26114
24886
25584
25910
25412
26161
26564
25300
25914
26589
25485
25736
26409
25084
25526
25444
25579
25004
25521
25585
25198
26208
25870
24974
26511
27315
25896
26760
25850
26450
25863
26382
26039
25603
25948
25585
25425
29002
25644
26250
26131
26809
25680
26211
25263
27361
26545
25522
25368
25145
25601
25525
26028
26563
25490
26121
25004
25996
26386
25319
25807
25849
27027
26809
24815
24425
24323
24479
25249
25208
24695
25132
25095
25615
25331
25949
25437
25421
25708
25001
24874
25687
25397
25275
24788
25391
25373
24265
25114
26806
23910
25834
25720
25064
26298
25467
25653
25911
25573
25921
25744
23821
24446
25260
25195
24436
26061
24793
25147
25050
26673
26288
24964
24652
24950
23896
25682
24364
24929
26021
24549
24753
25224
24844
25016
25276
24826
25093
24967
25528
25195
24562
24414
24851
24428
25546
24170
25933
24085
23581
23336
24616
24047
23505
24727
25130
23548
24386
23848
25072
24507
23335
24136
24165
23714
24620
23381
24388
23990
24228
24740
23739
24534
24264
23916
24616
23771
25263
23745
24085
23959
24490
24159
24244
24015
24248
23984
23841
25088
25023
25443
25284
24875
24640
24434
24216
24041
24736
26402
23588
25569
25379
24649
24804
24358
23954
24185
24282
24370
24071
24933
24702
24364
25023
24412
24962
25310
25566
24832
24717
26244
26329
25513
24588
25446
26434
26602
26329
26105
26093
26650
26053
27993
25725
26083
25964
26095
25470
26224
25703
25663
26989
26161
26057
26450
25146
26174
26416
26308
25978
27002
26135
26785
26275
26884
25951
26399
25854
26073
25363
26682
24215
23649
24266
24050
24290
24350
23942
23869
23162
24290
24405
25395
23713
23395
24170
24151
23589
24067
23868
23678
23170
23841
23840
24592
24419
24751
24799
24012
24961
24463
24081
25425
24942
24102
24505
23939
23810
23898
24209
24842
26075
25038
25142
25734
24885
25707
24357
26004
25536
27622
26985
26137
26026
24733
26061
24486
26395
26406
26412
25950
24991
24772
25448
25093
26143
25211
25793
24609
24838
25862
25572
26608
24673
25306
24943
25902
