25989
27182
28221
27297
28111
28167
27860
27276
29401
28213
26904
27389
28174
28481
28290
27621
27985
28425
26371
28493
28078
28178
27397
27794
27910
27828
27960
28274
28161
27758
27521
27508
27368
27686
27944
27732
29509
28949
27998
28034
28382
28920
30557
27441
28132
28034
27826
29925
27525
26459
26356
27348
27033
27990
27985
29065
28794
28417
30301
27940
27354
28430
27426
28051
27286
27682
27160
27020
27007
28964
28125
27680
28265
28538
28500
27390
32283
28806
26874
25960
27679
27483
28451
27023
28079
28991
27608
28387
27420
26889
27747
26229
26826
27496
27118
25476
27976
28224
28033
28226
27962
28380
27695
29456
29232
28981
29215
28527
28712
28330
31723
28921
27800
28813
28478
28327
28741
29573
28971
29452
29954
28733
28873
27557
28444
28513
28434
28391
27815
29407
30816
29784
28529
29104
29702
29270
28293
28440
27883
27573
28172
27368
28194
28320
29373
26930
28255
27660
27907
28481
27231
27261
27214
29405
28438
27068
27324
28248
28019
27899
26469
26119
27578
27158
28548
26714
27435
26074
27496
29204
27863
29664
27018
28121
27456
27954
28010
27890
29629
28277
27286
28718
28715
30648
28613
28597
28209
27412
27445
27609
27476
29008
30254
31351
26708
29639
28487
27168
27563
28647
28509
26721
42994
40088
28713
28133
27962
26987
27716
25459
25212
28284
27114
25886
27007
27468
26267
27298
26354
26434
25777
26157
24867
26514
25897
25829
26534
25317
26865
27232
25927
26180
26181
27191
26706
26519
26504
26439
27730
27651
27078
26791
26173
27643
27296
26103
27655
30958
27359
27244
26942
28427
26800
26717
25610
27278
26872
30046
28875
27025
29290
27094
27333
27544
27161
26457
27221
33413
56752
41040
32509
32195
31264
31546
29901
31162
30439
31167
36973
33217
33789
33180
29992
32793
33042
34234
31427
31899
31654
30599
30650
30817
28402
30059
45643
51537
33281
31436
30646
31675
28844
29087
28900
29333
29069
30297
30754
32454
30835
28198
29585
28260
28471
27526
29198
28642
27646
26898
27001
27286
26582
26534
26667
26817
26898
27598
25622
25120
26725
26203
26452
26562
26933
26743
27076
27125
27456
27211
27879
27535
26699
27347
29723
29023
28125
27687
26827
28648
33188
40121
34570
37354
38205
30964
28806
28462
33873
35543
55152
30306
29538
29745
28853
28794
28894
28850
28854
27624
31168
31416
29001
30121
33952
27724
28264
28973
28077
38997
38723
28969
52367
29937
28964
27502
27536
