20846
21187
20153
21046
20642
20334
20712
20925
20520
20797
20943
20291
20622
21374
21784
21231
21453
21292
23444
21649
21208
22153
21706
21467
21074
20583
21926
21158
21200
21624
22102
21145
21284
21167
21441
21568
21186
22443
21005
20910
21690
21109
21538
21391
21797
21298
21095
21498
21249
21290
21786
21697
21198
20835
21711
21495
20736
20851
20924
20859
21801
23742
20442
21404
21106
21967
21300
21156
20835
20886
21914
20995
22002
21849
21087
21377
20890
20711
20972
21252
20622
21287
21782
21122
21463
20595
21683
21083
21279
21244
20594
21154
21512
20737
21996
22722
21430
20993
21780
20681
23414
22356
21394
20971
20555
24723
21559
20934
20621
21629
21283
21431
21224
21371
21000
20567
21568
20794
21047
20637
21677
21170
21479
21149
21568
21434
20331
20706
21616
21096
20917
20535
20597
21302
21127
21014
21278
20620
20820
20966
21214
21191
21369
20919
20815
21430
21567
21787
20716
21293
22272
22337
20728
20699
21111
22535
21025
21304
20850
21334
21060
21787
21265
20969
21647
21126
21478
20611
21453
21031
20977
21129
20711
20730
21137
21337
20322
20935
20413
21259
21995
21108
21340
22552
30336
27596
22251
23893
22135
22582
21569
23476
21965
28663
22110
207102
35623
27764
24925
23828
23207
22533
22276
22801
21694
21615
20889
21008
21597
21653
21503
20630
21333
21151
20591
21028
20966
21562
21088
20519
20714
22379
22294
22023
20921
21289
21178
21966
23664
21524
21336
21523
21730
21403
22377
22061
21644
22095
22267
21218
21514
22267
22944
21498
21793
21506
21763
21679
21770
21285
21860
22400
21546
21953
22348
21555
22232
22113
21327
22610
22121
22469
21957
21497
20847
21410
20905
20922
21492
21151
21172
21934
22209
20865
20978
22056
21080
21418
20947
22346
22374
21746
22214
21154
21090
20876
21603
20960
21187
21549
20894
21793
21460
22061
20316
21076
21592
21023
21872
20865
22221
21580
21798
21156
21474
21190
21018
22225
20973
21493
21834
20994
21592
21919
23847
21174
21294
22111
21374
22038
21804
20905
21369
21476
21097
20976
21758
21722
22263
21729
21137
22141
21314
21125
21799
21281
21404
22321
21443
22340
21542
22097
22135
21641
21443
22975
22227
21527
21393
21944
21382
20500
20933
21553
21116
20317
20939
21052
22881
21649
21159
21422
20456
21628
21583
21383
20910
21352
20953
20682
22056
21086
21274
20567
21094
20278
20602
20954
20171
20783
21168
20686
20902
21225
20167
