65410
64690
64961
65106
65170
64015
63039
63663
64636
66286
64886
64187
62100
63943
65410
63791
62990
63948
63167
63137
63281
63642
63692
64524
64308
64012
64844
63389
64722
65999
62332
65035
64589
63536
65464
62773
63559
66646
63902
64068
63106
64789
65300
63374
67649
66000
63158
65420
65398
67553
64240
64217
64669
64368
63258
63874
64146
66130
63560
65843
63528
65791
62342
63902
63066
62516
64962
62540
63804
62049
64106
64071
61602
64142
62342
66102
62438
63091
62232
65506
62407
68893
64899
62817
65516
62426
64840
63342
62777
64330
65891
66605
70992
63155
62839
62956
63891
64549
66489
62360
63414
63823
65755
64358
63567
64333
65885
64442
64183
63174
65078
62667
63392
63786
62398
64343
62651
62339
64033
66191
64169
69933
65371
64046
62767
65751
75701
70508
63145
65297
63968
62806
62721
63160
63481
63911
65406
65638
63538
63344
62041
64147
63687
66337
63765
63767
63833
64721
65168
64066
63788
63884
66506
67490
65415
63768
65454
64613
64994
62987
62044
63280
63010
64044
63445
63103
64269
66848
62984
62762
62688
63094
63401
64586
62419
63615
63914
63944
66223
62190
64236
63695
66710
63314
63382
64549
62845
63402
63343
63249
62001
63397
62401
62839
63609
61914
62858
62669
66077
63218
62773
65007
61964
65704
62354
62945
62437
66022
64548
63168
62268
64565
62544
67215
62280
63388
62715
65474
62947
64286
69722
68116
71773
65873
62642
65187
77276
62193
65864
63133
62429
64272
63051
63372
63141
63706
63370
63517
68486
68712
63505
64208
63871
67982
63639
64364
63518
63278
69766
66261
63824
64272
63751
64679
69233
63315
63648
64354
67685
65862
69712
62935
63604
63166
63525
64716
63312
63058
67428
65686
62635
64926
65844
64802
66962
63824
64165
62704
63097
64474
62649
70393
63111
63102
64384
66628
65277
63455
65077
68719
64568
63996
63379
63582
63410
67588
64544
65429
62966
64652
61914
63344
62487
63952
67425
63524
63203
62326
66052
62921
62033
62935
63166
65036
66475
64719
62823
65411
66350
65877
74484
63940
63512
66346
62962
64439
63599
62764
63772
63006
63862
61757
62865
64641
63641
65266
63093
62702
63040
64271
62498
62778
63434
67105
70012
66898
62357
65195
63749
65916
67845
63711
65198
64719
63124
64106
63637
62691
64581
68683
62436
63248
62819
63059
62168
65291
63830
62695
62684
64241
63342
62975
63621
63576
65483
63539
62880
65492
63200
63931
63507
69430
63999
63748
65063
