23193
23307
22660
22852
21934
23017
23911
22463
22622
23168
22227
23329
23856
23155
22923
22206
23000
23013
22796
23663
23885
23087
23577
22506
22669
22878
23529
22991
22321
23017
22740
22700
23816
23064
23456
23445
22956
24234
22688
22702
22946
23837
24189
23985
23815
25174
23765
23804
24422
23102
23946
24151
25507
25793
24416
23885
23509
24516
23919
23230
24476
24231
23370
24900
24245
23521
24024
24113
23648
23898
24360
23446
24319
23619
25538
24384
23711
24658
23548
23453
23464
23561
23780
22850
23701
22929
23541
23567
23185
23877
22948
24506
25468
22692
23381
23162
22635
23154
23039
23731
24367
23901
23670
23957
22592
23103
23040
23068
24198
24133
24327
28782
23047
23311
24227
22735
22473
23049
23659
23960
23191
23577
23620
23020
22637
23064
23084
23695
23445
23247
22840
23223
22989
24474
22942
23274
23272
22871
23163
23631
23115
23214
23015
23434
22539
23168
23008
22589
25437
23316
22759
23156
23581
22616
22892
23398
23829
23037
23079
22106
22596
22564
23080
23095
21889
22808
22861
22578
22952
22483
22899
22696
22399
21943
24854
22810
21646
22944
23460
23276
22153
22345
23469
22102
22975
23092
22546
22654
21877
22146
22041
22280
22352
22589
22534
22749
22599
23166
21974
27333
23066
22055
22333
21995
22481
21870
22562
21630
21975
22343
22271
22072
21707
21779
22927
21751
24134
22674
21912
22218
22765
22095
21623
22020
21456
21507
21996
21877
21795
22976
21502
23097
22519
22975
21857
22313
22277
22628
22332
22618
22010
23429
23298
22702
22856
23364
24144
23744
23376
23573
22662
23282
23490
22790
22826
23701
23206
22665
25475
24727
22494
23946
23841
22790
22466
22886
22985
23281
24133
23814
23183
23575
23714
23656
22664
23133
23617
22779
23749
22890
23415
22233
23902
23608
23212
22733
22735
23220
23105
23179
23902
22662
23291
22487
23390
22725
22867
22490
22727
23767
23406
22811
23045
23058
23051
22518
22754
22160
23111
22674
22435
23071
22635
22584
22423
22801
22472
23193
22979
22282
23233
22428
22356
22543
23773
23116
23152
22614
22361
23050
23526
22695
23151
23081
22888
23199
22650
22973
22958
23442
23002
24008
23413
23759
22817
22899
23368
23098
22580
22908
22607
22691
23315
23654
23188
23572
22969
23349
23037
22996
23802
23168
22467
22901
23194
22682
24676
23399
23070
23080
23358
23852
23952
24282
23545
23584
23630
23708
24014
24452
24177
24678
23693
23785
23998
