21506
21875
21750
20764
23020
22884
21684
21713
21740
21851
21412
22104
21720
22065
22605
22054
21637
22033
22606
22115
21343
21941
21474
20901
21983
21068
22639
21958
22163
20738
21981
21977
21940
20927
22739
21796
21862
21006
22256
21403
22088
21134
22052
22083
22519
21290
21143
23044
21813
20733
21489
21370
21824
21503
21544
20787
21823
21174
21348
21120
22262
21122
21800
20474
21329
21229
21322
21463
22128
21040
20944
20126
20662
21299
21157
22148
21425
21237
21042
20593
21058
21561
22119
21538
22168
21063
21199
21264
20548
21365
22001
23438
22415
20897
21416
21362
20653
21188
22413
21843
21701
21719
21795
21999
22425
22244
21439
22323
21878
21144
21694
21027
21402
21232
21530
22305
21643
21453
21579
21227
21449
20765
21581
21349
21310
21801
21046
21435
20651
22044
20985
22109
21698
21613
24965
23630
21556
21596
20504
22209
21518
22180
20835
23079
21945
21897
20972
22483
21848
22575
21373
22243
21678
22121
20703
21658
21644
21585
20569
21431
21673
22542
22063
23504
21358
22876
21278
21844
21473
21393
22151
22065
22237
21284
21298
22455
23449
23457
20699
20686
21712
21321
22187
21284
20743
21874
21685
22192
21951
21206
21490
21304
22426
21750
21695
22138
21836
21866
22405
21547
21165
22987
21584
22664
21663
21391
21297
21738
22132
21526
21254
21702
21866
23450
21601
22204
21773
22583
21850
20804
23545
21813
20529
20999
21402
20372
21098
20678
20487
20888
21641
21008
21741
20926
20561
21555
21656
21398
21811
20808
21220
20020
20953
21429
21294
20762
21643
20908
21750
21317
20505
21147
20755
21194
21667
21449
21364
20612
21482
20101
21365
20896
20717
21531
22864
22320
20945
21681
21161
21050
20869
19787
20591
20918
21473
20720
21065
21465
21451
20194
20037
21278
21070
21038
20799
21239
21071
20918
20583
20124
21884
19593
20623
20879
21011
21631
20516
20070
21122
20978
21049
21138
21320
21252
21673
20926
20354
22002
21490
22750
21134
21578
21409
20483
21519
21098
21181
21610
21628
22012
21293
22616
22946
21138
21617
22244
22386
21950
22180
21592
21742
20463
22365
21762
23326
21295
21869
21017
21756
20903
21471
21191
22682
21848
24009
20788
22169
21122
21973
21108
21545
21736
24543
22104
22863
21054
22150
20404
22134
20985
21745
20990
20685
20524
21616
21683
21070
21496
21018
22369
20813
21106
21232
21867
20753
20467
20074
20648
20763
21663
21122
21253
21109
21733
20339
