48405
48622
48248
49454
48363
51632
48624
50361
47623
49325
47903
47836
48518
48414
49670
49246
51126
48902
46916
48160
49396
47621
48924
47258
48440
47655
50617
49454
47891
48724
47425
47274
48822
47360
47945
51207
49046
48711
47396
46596
48203
46986
48178
49139
48856
47883
48481
49164
49650
48316
48416
47637
48325
47527
49454
51717
50827
49174
50227
51258
53068
52447
51689
56124
50627
56723
50852
52793
51991
51762
55790
49458
51153
47986
52686
47614
48894
49314
46961
47861
47854
47932
47771
47572
48975
48660
47834
50220
50643
48132
47311
47757
48270
47354
52204
47776
47842
49528
47105
47429
47707
46648
48617
49357
50050
48598
48231
49489
47413
48915
47046
49688
48811
48466
50708
47492
48695
47963
47493
47649
47094
48159
48403
47510
48823
48061
47118
48439
49447
48330
47199
47963
47478
49033
51837
48790
47579
46669
47421
46212
47868
47285
48574
47990
49085
48925
47575
47817
49140
47944
48482
46689
48727
47097
53008
47348
47143
48413
47495
48789
50690
48894
47801
46705
47248
48755
47911
48260
48446
48683
47210
48666
48951
46410
52385
46992
46953
46289
46733
48629
48205
46994
46618
48324
47031
46885
47449
46352
47502
47284
48461
47499
47064
46796
46373
52901
47735
47555
46854
46389
47384
50761
48088
49105
48453
46978
48713
47721
48143
47409
47821
48378
48981
48119
48273
51131
48410
47641
47497
48376
47363
48078
48799
47284
49561
48820
48150
47624
47584
48634
47648
48662
49516
47928
48935
49878
48731
48486
50074
47671
49876
47700
49718
48042
47409
48114
48750
48863
49979
47867
49573
50750
50518
48922
48775
53607
49444
49630
48310
49040
48696
48364
48161
50105
48316
47718
49942
48266
48109
47268
47971
50081
49775
47803
47518
52175
48736
47396
48761
47050
47625
47429
47773
47885
47495
47201
48220
48397
49667
47021
48777
49610
48674
48241
48566
50162
48702
47954
47775
49445
47852
47879
47292
48264
47393
47478
47289
48013
47667
47599
47234
48583
48174
47752
48480
48003
51591
47164
47570
47860
49643
46621
47125
48771
48709
47297
48133
48590
48295
47666
47229
48059
49320
48317
49173
48536
50707
47013
48677
48754
47395
47410
48517
48300
48667
47646
47699
47854
48505
47731
47575
47848
48391
47836
47271
49042
48888
49075
48133
49007
49059
46855
48254
48566
47620
47961
47504
48445
47640
48367
49085
46901
47941
47479
48968
49443
50531
48182
49095
48613
47900
48753
47367
47527
48850
