16058
15261
15752
16051
18524
15605
16316
17635
16204
16546
16268
17294
18914
15719
16282
16811
16460
15685
16793
16956
16781
15304
15742
16815
17188
16540
16666
16480
17165
15092
16511
15972
16634
15833
15209
15905
16312
16330
17171
16866
15865
15640
17482
16952
16332
15946
16407
16716
16035
15069
14810
15663
16291
16924
16695
17044
16595
16536
15206
18658
18444
19306
16494
18872
16863
16191
15413
17774
17912
16923
16874
16821
17048
15908
17152
18151
17293
16801
16614
17059
17089
16483
17046
16707
18238
17376
15980
18040
17493
16668
16378
16570
16574
17222
17241
17860
15904
17441
16919
17565
16044
17133
16273
18372
17857
17222
17021
16246
17040
16834
16111
17781
16266
15692
18238
16559
17385
15896
16342
16891
16013
15717
15029
16900
18127
16810
16042
17626
16626
15196
15465
16275
17235
15498
16236
17269
16253
15455
14726
16948
18069
15927
16638
16375
16848
15301
16844
17200
16756
16594
16728
16423
17501
16400
16764
16599
16745
15568
16822
16267
16587
22534
21449
19071
15596
15282
17561
16292
16280
18676
15903
17319
16333
16450
15498
18212
16581
16142
17127
16661
18004
16751
16143
16892
16004
16484
15717
17089
16182
15686
16971
16071
16095
15382
16375
17370
16370
16645
16231
16974
15873
15347
15912
17627
17531
16005
16811
17977
17710
17454
16897
17841
16974
15894
17750
17403
18465
15876
16106
17044
15615
16959
15486
16367
17915
15329
15717
16100
15675
15347
16654
16948
16382
17274
16260
16952
16723
16326
16077
17261
15903
15720
15540
17402
16683
15886
17500
17006
15485
15683
15125
17010
15851
16758
15467
18179
16861
16599
16328
19183
16114
18063
16072
15991
18118
16326
16131
17125
15484
16238
18040
16728
16453
15756
17554
17068
18692
16761
15700
17492
15799
15909
16939
16510
17118
16289
16938
16769
16364
15620
16245
16846
16640
17381
17007
16231
16709
17142
16544
16121
16197
16335
15390
16819
15257
16190
15436
16376
15738
16522
16526
17035
16927
16182
16391
16719
17095
15937
15262
17041
15330
15871
16508
16416
16485
16121
17405
16134
15818
15295
17392
16145
15443
16714
16017
18492
17607
17350
17072
17066
17579
16139
16806
16305
16905
16829
16365
18575
16625
16414
17487
17274
16578
16235
17780
17049
16425
16227
16719
17367
16228
15370
16467
16878
16208
16193
16946
15886
15831
16659
17586
16912
15823
16568
16693
15680
16646
16291
16015
16147
15887
15317
16537
16628
15454
