21587
21109
20762
21350
20852
20748
20839
21190
20952
20605
21547
21077
20394
20785
20884
21018
21239
21674
22065
21313
20873
21337
21369
20860
21168
21022
21350
21030
21809
21555
20855
21346
21285
21055
20744
21274
21191
20867
20802
21345
21383
21143
21215
21354
21136
21571
21505
20705
21457
21077
21056
21156
21372
20968
21082
21020
21560
21254
21480
21790
21382
21793
21801
22936
22571
22145
21678
24514
21343
21536
21858
22734
22383
22984
22033
21596
21490
21339
21803
21828
22384
22433
21472
21716
21587
22860
22109
21694
21155
21304
22868
21676
21156
21940
22598
21482
21365
22127
22154
21985
22023
20627
21222
22337
20975
22425
22323
22196
21114
21238
21907
21376
20748
21214
21169
22083
22703
21476
22497
21788
21382
21349
21568
21952
21909
21024
22888
21978
21874
22241
21546
21617
21999
21076
21049
21786
21221
21776
21316
21906
21882
20633
21867
21215
21731
21444
21957
21746
22425
21743
22461
21918
22155
22721
22350
22236
23286
23049
24324
22362
22601
22335
23007
21765
22369
21949
23434
22349
22137
22120
21501
21430
21553
22151
22728
22896
21868
21978
22340
22271
21385
22433
22368
22112
22138
22064
23025
23208
21803
22673
23444
22073
21674
21388
21971
23006
22217
21875
22629
22649
22341
22005
21619
22563
21774
21563
22395
22710
21536
21214
21764
21380
21217
21783
22044
21564
21404
21679
21877
22398
21335
21379
21795
21811
21335
21728
21306
21976
22660
22225
21132
21056
20790
21578
23846
22134
20955
21171
20966
21264
21365
20755
20972
21267
21283
21262
21686
22406
21819
21278
20634
22489
22161
21398
20720
22231
21371
21374
20425
22519
21266
21264
20728
21940
21243
20693
21067
21797
21290
21498
21066
21924
21334
21210
20769
22080
21104
21089
22593
21738
21129
20883
20855
22050
20379
22225
21397
22587
21274
21119
21352
21573
21275
21151
21937
21520
21667
21278
22303
21111
22435
22429
21903
21730
21720
21398
21518
21943
21048
21177
21638
22711
22117
21707
21950
21238
22690
22177
21716
22268
23001
22420
23744
22757
22918
23246
22705
22149
22896
22611
22478
22909
22406
23234
23101
22571
22582
22543
22945
22153
21882
23323
22466
22214
22867
22979
22244
22920
22077
22464
22064
22612
22134
22152
21918
22465
22219
22615
21371
22224
22085
22222
21213
21704
23708
22989
21199
22909
22079
22647
21804
22109
21787
22535
21868
22177
23004
22294
21805
22512
22133
21945
22233
22279
22241
