36123
35374
37984
34582
36528
34114
34424
35201
36331
35835
36042
36720
34716
34403
35940
36508
34776
35083
35815
36382
34945
33666
34963
33152
34576
35144
35492
34356
35946
34446
34742
35055
33641
35416
33992
34604
34163
33607
34722
35452
35299
34808
35906
34029
34480
37238
34314
34807
34448
35479
34815
34347
35691
34205
34203
35749
37280
36206
35961
35551
33832
35348
35880
35229
35022
33523
33993
34880
33953
35453
35016
37824
35417
34457
37610
35791
35091
35330
34237
35639
36608
34556
35048
36383
36579
37132
34967
36636
35042
35566
35657
36011
33819
35062
36002
35656
35797
35770
36769
34254
36820
35977
34323
36400
33438
35278
35990
36498
35139
36045
36630
36907
34453
37037
34681
35587
34924
34959
37599
34324
36247
33934
34444
34840
35103
34892
35815
34974
36060
35009
37703
36121
35033
36141
35495
35468
35486
34424
37055
35439
36070
35140
36299
36115
34989
35809
34633
35472
35897
33986
35994
34637
34814
35071
36022
36710
36235
34959
35466
36324
34100
36606
35681
34536
35634
35387
34905
36183
35247
35606
37401
35169
36254
35397
34859
34814
35161
35348
35950
33713
36236
35449
36165
36350
35255
34708
33949
34218
35647
34529
34795
34288
36632
34954
33638
36384
34159
33982
33964
35357
36030
34912
34849
35834
34886
35248
34089
36739
34595
34599
35333
35177
34089
35702
35545
35462
36589
34800
36226
35555
36046
37608
35815
35688
35164
36340
35994
35124
34017
34484
34773
36658
35700
36178
34897
35175
34473
34882
33911
36205
36162
34217
35323
33560
35982
34042
34604
34091
33386
34820
35328
35230
34895
34395
33983
35504
34666
34613
35925
34909
37248
34264
33269
34516
35109
35246
34878
34345
33661
37045
35856
33634
34501
37298
35666
36666
35800
36697
34700
34410
39156
35417
34996
34959
34707
35488
34624
35395
35311
33591
34647
33195
34991
33821
34631
33718
34057
33978
33031
33418
33977
35957
35967
35828
34538
35368
35657
34761
34928
34162
34590
33478
35703
34429
34842
35233
36601
36331
37194
33903
34507
34863
35173
35459
35532
34990
34762
35365
36458
35806
34328
34659
34267
35354
36084
34933
36158
39549
36127
38330
34803
34935
34206
35165
35569
36097
33750
34017
33134
34453
33475
34649
34059
34136
35418
35463
34770
34101
34897
34664
34811
37877
34597
34167
34841
34462
35311
34473
35255
33553
33160
36939
37253
35834
35890
35232
34133
35047
36310
34683
35307
36072
36417
36808
35306
