21957
21767
24413
25202
24728
22715
22365
22456
22923
21914
22146
22171
21601
21853
22003
21998
22328
21832
21847
21560
21656
21440
21556
22056
21626
21988
21333
21469
22179
21759
22341
21669
21359
22005
21784
21481
21527
21575
21713
21720
21840
21924
21756
21746
21723
21576
21842
21989
21236
22178
24905
23870
21384
21132
21809
21479
21352
21114
21362
21679
21398
21911
22015
22231
21983
21942
21306
21459
21017
21131
21647
21551
21465
21612
21012
21627
21672
22191
21584
21909
21596
21345
22530
21804
21891
21244
21587
21532
20763
21315
21203
21867
22552
23709
22734
22934
22280
21978
22256
21998
21895
22113
22160
22130
22280
22309
23125
22110
22480
22417
22986
22011
21829
22844
22231
21880
22171
21748
22421
22028
22100
22354
22136
21935
22040
22153
22057
22116
22416
22100
22260
22118
22632
22403
21617
21587
21710
22592
21385
21488
22009
21305
22104
21611
21419
22194
21464
21834
21630
21338
21364
21110
21305
21370
21230
21460
21340
21790
21692
22047
21959
21420
21438
21742
21060
21628
21548
21767
21646
21681
21492
23055
21670
21745
21860
22032
22097
22228
22001
22900
21818
21600
21398
21581
21443
21313
22091
21749
21575
21945
22267
22136
21137
21559
21575
21432
21571
21503
21483
22980
28166
27872
23759
24639
22783
23803
23456
22102
21825
22509
21795
21897
22489
23217
21973
22015
22511
21701
22035
22115
22055
21729
22174
22211
22276
22304
22226
22696
22162
22130
22330
22996
22636
22951
22544
22147
22503
22591
22787
22077
23141
22298
22775
22665
23012
22540
22312
22659
22097
22186
22502
22409
22472
22872
22127
22387
22563
22033
22462
22137
21839
21622
21562
21575
21450
21367
21421
21564
21654
21389
21643
21647
21723
22173
21517
21326
21466
21642
21701
21403
21632
21660
21618
21393
21901
21959
21984
21948
21730
21777
21834
21699
22181
21079
21737
21675
21537
22142
21669
21453
21519
22074
21650
21761
21390
21668
21383
21124
21122
21370
20762
21106
21180
21082
21601
21248
21916
21945
21388
21244
21332
21596
21061
21704
21757
21587
22046
21077
21183
21409
21833
21395
21698
21531
21542
21539
21239
21223
21042
21141
21891
21527
21424
22149
21667
21205
22165
21232
21006
21246
21234
21529
21445
21185
21165
21209
21084
21235
21214
21219
21218
21378
21175
21290
21342
21246
21192
21397
21434
21742
21150
21233
21119
21245
22137
21710
21084
20941
21456
21170
20778
21082
21025
21873
20679
