25847
25434
25442
25667
25432
25954
25683
26208
25621
25041
26216
25217
25416
25740
25145
25380
25503
25052
25244
24737
25264
25713
25124
24942
25954
25190
24904
24723
24967
24862
25311
25267
25167
25123
24896
25146
24646
25524
25077
25468
24967
25835
24953
24835
24575
25113
25155
25662
25480
25202
25728
25219
24885
26548
25482
25563
26225
25941
25626
25540
24937
25877
26259
25737
24914
25277
25508
24840
25551
25171
25463
25242
25336
25185
25267
25293
25305
25407
25436
25421
25493
25692
25262
25182
26270
25718
25775
25852
25108
25667
25832
25706
25496
25317
25523
25507
24932
25193
25091
25786
26238
25731
25511
25596
26385
26043
26423
25667
25574
26042
25740
25366
25686
24530
27329
24978
25405
26300
25831
25877
25869
26433
26350
26165
25994
25964
24752
24824
24523
24936
25033
25490
24895
25135
24832
25260
24737
25053
25044
25367
24880
25013
25000
25520
25760
25315
25533
25662
24767
25478
24561
25069
24742
24513
24867
24905
25102
24238
24574
24931
24943
25154
25004
24559
25236
25237
25555
25143
24433
25586
25345
25312
25089
25225
25098
26125
24683
25177
25684
25919
25056
26130
25611
25348
25142
25122
25330
25456
25161
25476
24744
25855
25025
25770
24842
25046
24944
25342
25476
25608
25601
24800
25185
24701
25477
25362
25345
25880
25125
25413
25396
25368
24976
25437
25481
25119
25538
25738
25524
24643
25867
25633
25502
25071
25312
25469
25398
24669
25112
24562
24530
24831
25314
25389
25107
26156
25347
25132
25990
26091
26705
25838
26137
25774
26171
26322
25922
25977
26250
26448
25345
26245
26257
25394
25506
26062
26415
26082
26252
26090
26052
26034
25422
25962
25987
26199
25275
25525
25641
25621
25983
26756
27193
25849
26036
26430
25808
25976
25753
26062
25476
25634
25159
25292
25609
25282
26339
25377
25101
25464
25412
24845
24979
24814
25079
25875
25557
25313
25802
25758
25758
25481
25883
25388
25014
25077
25259
24997
25690
25916
25675
25472
25221
25730
24977
24832
25361
25352
25009
25101
24930
25002
25464
24956
25318
25617
25584
25853
26091
25499
24622
25171
25474
25437
25648
24691
24713
25354
25002
24964
25438
25485
25094
25924
25505
25953
24725
25542
25464
25900
25764
26146
26412
25708
26430
25909
26551
26305
25130
25510
25422
25453
26024
26175
25745
26104
25671
25872
25426
26489
25932
25607
25818
25325
25860
25787
26163
24553
25910
25882
25217
25899
26117
25721
26203
