24307
23396
23342
23292
23060
22815
23531
23111
23130
22783
22957
23766
23088
23753
22761
23028
22965
23174
23916
23613
23105
23082
23420
23773
23101
22476
23340
23151
23039
23287
23402
23651
23162
23062
23110
23245
22967
22927
22841
23236
24187
23774
22796
23496
23023
22802
24101
23209
23517
23477
23871
23468
23727
24070
23690
23012
23929
23637
23041
23677
23809
23497
24137
23791
24285
23047
22946
23077
23738
23327
23810
23314
23793
23729
23863
23077
23337
23560
23069
23840
24149
24126
23857
24696
24329
23448
23975
23917
23900
24509
23629
23594
23655
24243
23846
23854
24194
24295
23787
23610
24698
24345
23700
24446
23633
23877
23868
23758
23513
23766
23907
23875
23621
23803
24019
24117
24035
23933
24354
23932
23787
23458
23388
22970
23237
23642
23338
23158
22883
23230
23014
22720
23283
22722
22966
23147
22770
23733
22946
23488
23354
23294
23746
23742
22770
23169
23198
23443
23374
23047
22861
23354
23009
23175
22980
23734
23081
22734
22814
23395
23382
23782
24133
23693
23548
23054
23234
23062
23401
23848
23452
23806
24404
23463
23814
23714
23228
23531
24759
24000
23706
23788
24669
23838
23707
23801
23563
24190
23589
23687
23457
23231
23413
23615
23993
23385
23950
24043
23698
23295
23525
23013
23204
23375
22664
23226
22684
22938
23195
22824
23719
23077
23547
22540
22748
23869
23023
22825
23303
23451
23108
23138
22919
22933
23224
22579
23397
23642
22878
23239
23679
23559
23360
23344
22801
22964
22571
23236
22828
23220
23108
23432
24007
23734
24307
24461
23920
23729
23662
23737
23722
24141
23816
23699
24040
24061
23669
23658
23610
24124
24276
23235
23670
23646
23610
23824
24337
23893
23730
23588
23896
23189
24351
23689
23651
23269
23833
24059
23435
24033
23721
23556
24934
24028
23861
23747
23606
23430
24576
23972
23896
23542
23466
24024
23394
23785
23814
23956
23640
23516
24275
23322
23651
24387
23817
23713
23815
23754
23752
23325
23330
23554
24211
23958
23322
23633
25887
23475
24181
23945
22964
23084
24863
23712
23480
23324
23405
23340
22871
23922
23428
23541
23655
23296
23503
23535
23463
23310
23308
22959
23102
23402
23495
23408
23478
22924
23144
22866
23714
23811
23314
23116
23390
22782
24441
23787
23570
23420
23195
23450
23186
23049
23909
22907
22985
23631
23087
23468
23315
23368
22929
23147
23243
23402
23222
23296
22893
22645
23302
23875
23395
23558
23578
23572
23274
