25166
25620
25215
25367
26043
27288
25662
25632
26227
25937
26052
25481
25680
26071
24711
24740
27033
28095
25686
25567
25613
25713
24620
24998
25293
25942
25312
26076
27030
26110
24891
25642
25388
25969
25314
26617
24602
27687
25547
25335
25877
25382
25976
25747
25721
25166
26706
26119
26390
25737
25737
26068
27848
26209
26039
27409
25962
26537
26563
26037
25935
26034
25886
25878
28093
26624
27131
26128
25738
25936
27017
24989
24935
26654
27039
25450
26197
25492
25745
25509
25489
26097
25687
26397
26317
26488
26173
25605
26913
26763
26425
26364
26540
27397
26817
26424
26877
26764
26145
25836
27348
27620
27870
26433
26347
26605
26580
26258
26367
25888
26585
25704
26190
25469
26375
25571
25556
25429
26240
26380
26506
25958
26181
26387
27583
25626
25484
26148
26271
27536
25973
26076
26288
25954
26103
25661
25817
27213
26403
26291
26548
26179
26219
25473
26750
25937
26987
26372
26437
27184
26225
25854
25241
26036
26374
25808
26454
27349
25833
26900
27303
27015
25222
25962
26734
27902
26132
25692
25925
25473
24851
25407
26711
26830
26608
26149
26251
26260
25697
25175
26452
26712
26398
26572
26332
27489
26284
26263
25314
25653
26860
25978
26103
25811
26265
26157
27144
25525
26005
25858
25940
26265
25810
25842
25133
25195
26580
26463
26051
26382
26572
26544
25792
25116
25349
26653
26755
26057
25948
25712
25824
25647
24844
25617
26997
26345
26359
26188
25846
27333
24878
25961
26463
27173
26105
25783
25973
26416
25878
24894
25845
26487
25403
25849
25865
25809
25059
26732
26152
26700
25848
25863
26323
26990
25837
25548
25256
26905
26272
26400
26409
26619
26358
26501
25712
26604
26724
26580
27124
28240
27038
26267
26363
26652
26760
25904
26420
26808
26990
26642
26704
27310
26170
26755
27650
26163
26647
26618
27030
27309
26383
26838
26769
27754
25354
25010
26102
27089
25902
26085
26153
26038
25580
25097
27108
27021
25820
26298
25553
25945
26077
26637
25078
26191
25803
26473
26015
25934
25523
25935
27130
26408
25819
26376
26024
25820
26730
25404
25202
25100
26000
26095
26170
26670
27121
27048
28942
28134
26071
25116
26320
28166
26148
25778
26086
26302
26895
25692
25023
27446
26568
26743
26364
26541
26433
27269
26266
26869
25782
26393
27609
31029
29645
26487
26820
26828
26396
25608
30635
26130
25700
25112
25967
25777
25215
26540
25513
28661
25681
25256
25997
27234
26495
25743
26376
