40760
43007
43145
43854
40720
39522
42207
41792
41082
42024
43816
41117
42541
42615
42029
41279
41319
41645
44898
46202
41993
41568
40840
46035
43856
41628
42789
42102
42500
40280
40135
40554
40582
43929
43160
42763
43539
41178
43987
41006
40125
39761
41855
41146
40270
40681
41554
43646
41991
40182
41482
43809
42662
39890
40057
38985
42830
41328
40555
41535
41518
40122
40140
40068
39892
39686
41629
40686
39909
43785
44584
42365
40806
39992
40521
40029
41280
40796
42491
41442
44882
41964
43676
41711
41678
40933
42800
40915
40655
41067
44006
40450
40614
44069
45125
47812
49794
46127
50993
46462
45779
44248
45814
45872
45507
44561
43767
45490
45768
47699
41658
40685
40828
40573
42474
43687
40799
42801
42553
40635
41440
41837
42224
40324
41444
43039
41118
40330
40360
41624
40796
45806
39529
40359
41364
40225
40023
39518
42362
43378
42141
41658
42075
43346
40673
40024
41613
40077
40774
43468
40414
40433
41364
41461
40885
40852
40641
40098
42823
39661
40802
42867
40746
39638
40435
40629
40162
40352
40359
40104
41183
39850
40496
40994
42473
39463
39792
40106
41658
39792
39084
40237
40095
39123
39350
41394
41759
56166
39748
39807
42012
41261
40278
44491
42288
43030
43068
40883
40553
40634
42785
40132
41238
40991
41012
40645
40871
41011
42453
43248
41158
43504
40446
40787
42259
39518
41761
39507
42120
43140
42926
39982
41269
40670
40541
42595
41823
40915
39542
39925
40764
40756
42172
41443
41439
41559
40913
39992
40125
40081
40059
39361
42785
47282
40003
41621
41222
39822
41662
40573
40612
40451
40182
39553
41690
40726
43283
39823
41882
40057
39652
41013
40381
40240
41298
40178
42094
43709
40907
40660
39817
40256
41414
41822
39732
40344
40708
40729
41529
41477
44713
39890
44045
41930
40794
41069
41485
40703
42675
39974
43633
41204
42491
41049
42290
40469
41183
41640
44915
40670
40409
41685
42531
42686
42271
40557
40912
40413
45615
40868
40964
39652
43484
42146
41691
40638
46280
40735
40029
40801
42158
42118
40614
40889
44526
40919
45958
40023
43212
40273
41872
41861
41545
41017
41570
42510
43272
42280
43316
41270
42050
42856
45749
41541
41964
41773
43168
42221
42128
41388
43116
41565
44259
41242
43087
41712
40772
40807
41155
43963
41953
39807
42320
40523
40678
42084
43903
40880
42827
40809
40193
40991
40948
42044
41702
42114
40917
42247
45206
41569
40757
41133
41810
41879
42783
