16842
14276
15202
15041
14939
14542
15198
14458
15420
14708
15722
14270
15966
16258
14572
15101
14887
15057
14314
15310
15441
15300
14958
15178
14521
15392
16819
14943
13884
14457
13840
14132
14240
13934
13969
14827
14147
14802
14790
14423
14633
14014
15345
14185
15195
14557
14954
14138
15828
15874
16200
15204
15808
16084
15308
14938
14961
15368
14701
15147
15049
16394
18981
16294
14976
14953
15928
15372
15576
15231
16036
14965
15573
15182
15598
15207
14698
14942
14599
15965
16015
15454
14632
16101
15048
16666
15536
15023
14648
15830
15543
16335
17364
15049
16180
15081
15396
15340
15664
15860
15441
15136
15603
16008
15567
16516
17357
16042
17050
15888
14604
14248
14605
14414
14945
14572
15638
15566
15432
15100
15090
14981
16196
15403
16954
16040
14538
15695
15094
15451
14497
15244
14800
15325
15104
15468
16062
15164
14409
16652
16225
14692
15139
14616
15244
16384
16008
14873
15547
14922
15219
14727
14990
14325
14446
15847
14689
15004
15755
15250
14555
15474
15483
15158
15103
15344
14982
15584
16559
14852
15421
15031
16306
15705
15893
15188
16556
16001
15344
14717
14768
15735
14531
15389
16076
15182
14464
15752
14840
15151
14794
15706
14958
16112
15694
16123
14522
14988
15005
14983
16770
15967
15269
14540
16602
14780
15905
14968
15130
15405
14310
15590
14988
14885
14410
16023
15835
15911
14700
15459
14985
16151
14776
15624
15904
15541
14309
14946
16888
14864
15340
15406
15416
14619
15548
15092
15409
14825
15621
14303
15240
15493
14412
14978
15641
16613
15080
15311
15022
15975
15400
15746
14867
14123
14600
14585
14958
14505
15365
15192
15153
14579
15074
14447
15944
15377
15709
14784
15619
14863
15381
14215
15505
15008
14601
15367
15211
15279
14674
15609
14641
15335
14337
15901
15081
15478
15051
16083
14675
16888
16363
15304
15759
15192
16470
15121
16064
14412
16086
15417
14864
15172
18629
17020
15218
15639
14845
15183
15569
14972
15499
16034
15447
14973
15720
14802
15920
16145
15804
15565
15338
15813
14740
15117
15999
15787
14844
15911
16214
15469
14855
16846
15659
14934
14962
14668
15834
14982
16366
15067
15480
15105
15576
15066
15412
14160
15104
14856
14323
17137
15435
15163
14987
15250
14700
15292
14695
15279
15620
15365
14084
15279
14222
14739
14998
14780
15328
14447
15055
14453
15114
14474
15218
14481
14930
14621
15370
14569
16365
14616
15921
16558
14317
14945
16679
