23575
22516
22076
22613
22726
21845
22571
22326
22278
22875
22255
22333
22518
22099
22391
21586
22383
22079
22730
22172
23011
22136
21587
22524
22911
22734
22880
22761
22112
22922
22284
23036
21771
22188
23518
22644
22459
21722
22274
22390
22761
22168
22222
22474
22579
22607
21879
22413
21259
23009
22164
22015
21959
22615
22617
22393
22863
22224
21632
22320
22166
22445
21977
22951
24417
22677
21891
22558
22532
21927
21848
21949
22514
22414
21859
22253
22186
22697
21740
22205
21652
22129
21384
22884
21639
22291
22519
23029
22285
22544
21943
22688
22262
22584
21748
22509
21783
22999
21849
21878
21957
21703
22209
22085
21633
23008
22428
21894
21758
21960
22390
22214
22244
22220
22126
21960
21612
21488
22908
21668
21968
21801
21680
22340
22045
22078
22767
22231
22183
22424
21919
21551
21998
22346
22325
23075
22173
21920
22003
22332
21581
22615
22387
21834
21871
21376
21905
21813
21666
22455
21956
21556
21967
21608
21676
21424
20741
23236
22059
21726
21067
21623
21959
22266
21257
21964
21767
21847
21500
21726
21890
21529
21834
21802
21526
20897
21598
22502
21467
21454
21291
22023
21594
21543
22643
22403
21597
22353
22085
22459
22304
21961
22984
21808
22363
22620
21523
21924
22040
22256
22055
22042
22192
22334
21765
22277
21744
22290
22018
21868
21951
22098
22239
21997
22271
22368
21664
22181
21859
22210
22413
22177
22049
22345
22162
22270
22476
21400
22019
22207
22055
22198
22317
21896
22329
21996
22229
22097
21898
21973
22196
22217
22155
22536
22254
22273
22264
22107
22381
22407
22323
22522
22573
22181
21846
21939
21953
21824
21675
22345
22021
22351
22083
22502
21873
22448
22253
22224
21724
22653
22528
22056
22695
22631
22425
23092
22932
23349
22700
22053
22575
21731
21378
22246
23090
22827
22670
22491
22952
32716
30720
31880
29717
26620
25616
23460
24548
23091
24964
22720
22794
22131
21564
21739
21710
21964
20832
22348
21627
20866
21341
21315
21718
21787
21041
21317
20933
21400
21994
21887
21345
21997
21439
21440
22533
21736
21053
21126
21037
21502
24817
21925
22381
23443
22405
22180
21951
21799
21028
21941
22896
27359
23739
22745
23496
22054
21664
21557
22284
21410
22941
22623
23320
22491
23331
22363
22917
22370
22439
22492
22790
22539
23090
22532
23409
21861
21902
22203
22549
22943
23696
22942
24334
23370
22764
22491
22874
21874
22062
22057
22355
22835
23672
25162
22593
