26688
27326
26522
26340
26827
27436
26622
27280
29025
27581
27352
27035
28360
26491
27410
26888
27249
26364
28285
27706
27479
26880
27538
27919
26959
27640
28533
27998
27245
27078
26691
26937
26798
26896
27153
28375
27196
26421
26311
26974
26984
26697
28072
27666
27083
27218
27439
26596
26475
26917
27348
27274
29493
27995
27028
27344
28004
28015
27698
27954
27272
27578
27122
29284
26854
27628
27733
27197
26953
27125
27702
27488
26777
28302
27416
27536
27274
29110
27139
27448
26957
27209
27387
26546
28885
28949
27881
27911
28159
27363
26668
27051
26893
27261
27514
27487
27455
26983
28620
28329
27313
27813
27921
27147
26829
27122
27454
27081
27045
26983
26483
28241
27247
27250
26745
26314
26570
26488
26600
26533
25828
26464
26421
26965
27214
26546
26234
26861
26420
26447
26542
27171
27176
27137
28522
26797
27000
26776
26485
26914
26377
26467
26330
26945
27267
27494
27064
27857
28101
27407
28722
27762
26528
26846
26472
26075
27883
27001
27282
27543
27435
26684
26277
26387
26619
26448
27011
26695
26917
28647
26487
27429
27658
27038
26546
26287
26232
27005
26743
26813
26784
26380
26798
28109
27069
27346
26473
26773
26475
26412
28063
26818
27687
26433
26419
27269
29352
27156
27707
26605
26528
27378
27249
27626
28418
28464
28235
26826
28136
27344
27221
27352
27306
27634
26896
27060
27231
27690
27858
26644
27979
26554
27289
26169
27034
27516
26863
27327
27467
27737
28170
27270
27615
27752
27502
27930
27711
28313
28085
29499
28702
28076
27316
27169
27868
26968
27767
27544
27348
27624
28113
27581
28222
27817
27343
27716
26540
27454
27060
27633
27457
26997
28016
27842
27738
27454
28103
27290
27226
27377
27183
27279
27448
28251
28136
27103
26675
27077
26355
27254
27128
28019
27563
26945
27798
27380
27349
28366
28955
27199
27325
27468
26243
26978
26459
27748
27582
28336
26929
28054
27866
27120
27934
27526
27805
27084
27506
27502
28979
27984
28071
27081
27546
27966
27483
27612
28034
27316
27240
26597
27919
27171
27374
28836
27746
27555
27481
27668
26845
26989
26979
26731
27252
27944
27794
26781
26076
26333
26475
25239
26590
25366
26352
28243
26115
26550
26959
26321
26479
25996
26590
26874
27303
26812
26437
26116
26761
26662
27416
26884
27060
25949
26656
26738
27765
27201
27233
27201
27436
26911
26996
27451
27275
26518
26910
26847
26922
27177
28001
27400
26942
26729
27192
26572
28047
