29578
29780
30033
30338
29964
29395
30373
29349
28617
28752
29673
30140
30125
30233
29527
28828
29906
29965
29014
28972
28802
29458
29205
29124
28286
29030
29277
29307
29325
30488
29236
29896
29424
28969
30209
28377
29103
29155
28776
29256
28698
29520
30572
29234
28346
28671
28388
29636
30064
30807
29825
29321
29152
29547
29891
30529
29620
30225
30240
30533
30109
30204
28880
29110
30380
29956
29634
29558
29370
28953
28949
29372
29174
29837
29262
29244
29154
29748
29123
27628
27610
27951
29347
28961
28981
28714
27776
28331
28290
29064
27956
28105
28026
29235
28713
28943
28541
28885
28744
27823
28408
28013
28279
28501
27983
28049
28749
27808
28463
29080
29002
28508
28113
29867
29988
29671
30262
29907
29817
29888
29097
29296
29677
28984
29482
29347
28753
30212
29217
29830
29140
30222
29546
28943
29480
29909
29549
29610
30181
28870
29231
29141
30853
30787
28620
31220
29954
29465
28900
28251
29990
29799
29174
28095
29241
28793
29937
28465
29304
29297
30798
29365
30357
28482
28969
29165
29057
27918
29067
28599
29146
28737
28728
28976
29702
28836
29279
28669
29620
29554
29613
28432
28732
29015
29374
28774
27875
29336
29017
28855
28079
28293
29769
30090
29020
28107
29048
29142
28375
29418
28552
28676
28326
28647
28903
28909
28668
29122
29601
28079
28943
28755
29491
28927
30127
29093
29221
28313
28397
29775
29129
29404
29905
29138
29292
29510
29904
28881
29669
28451
28849
28375
30236
28600
29889
28966
29027
28295
29257
32820
29096
28832
30195
29758
28486
29829
29724
28967
31051
29332
29507
30219
29773
28692
28899
29607
29291
28648
29538
29231
29613
28767
29045
28925
29685
29914
29714
29852
29594
28779
28977
28807
28377
29792
29208
27606
28394
28187
28857
28340
27699
28331
29558
28119
28852
28584
29200
28646
29404
29226
28448
28735
29105
28601
28106
28118
28284
29492
28872
28644
28771
29327
27924
29642
28344
28852
28590
28570
29098
28855
29487
28947
28561
29690
29879
30041
29605
29394
28921
29124
29405
29620
29173
29412
30194
30440
29388
29499
29694
29402
29436
29381
28796
28616
28692
29127
29127
29584
28766
29038
29781
28685
29456
28459
29154
28968
28850
28707
28513
28556
28024
28287
27843
28725
28839
28286
30179
29127
29558
28391
28952
28523
28115
28744
29822
29004
29007
27919
28299
28201
29289
28658
29781
28594
30630
29587
29728
29665
28731
29797
29248
28438
29602
28959
29422
