50883
49605
50489
50346
50324
50292
50300
49521
53261
50262
49494
50500
50953
52396
50113
50590
50970
49529
52906
52032
50122
50321
49887
50854
50150
50236
51494
53276
52999
53757
51716
52232
52060
50311
51147
49615
50842
51463
52071
50895
53519
51379
53012
55485
54539
50422
50404
51916
50283
49180
50369
50331
49817
49096
49358
49085
50437
51294
49620
49979
49394
50727
49307
50251
49487
51815
50339
53854
49935
51022
50232
50432
49333
49435
54740
50845
51043
50405
50374
49814
50440
49204
50465
49998
50332
50485
50427
50585
50252
50279
50716
50988
49874
50565
51762
51012
50968
51037
50441
50038
50076
50781
49764
52088
53952
49736
49932
49540
49303
49819
49819
49721
49549
49188
50330
51508
50082
49185
51006
49915
50183
50553
49139
52252
50474
49399
51910
52323
49835
50395
51245
49810
50726
50536
53390
50470
50705
50109
51062
50449
51470
50122
52651
52061
50207
51589
50441
50573
50945
51012
49487
51420
50466
51807
51430
50624
49710
50763
50571
50077
51033
52145
49064
51239
49497
50371
49578
49054
50494
49832
49314
49953
53762
52300
49852
49797
49256
51012
49426
48702
50128
50782
50582
50258
51142
49493
49904
49733
49661
50592
49151
50652
52714
50115
50391
50131
49536
50114
50426
52326
51874
52490
50268
50432
51357
51953
49675
51250
50362
51069
50438
52720
49792
50324
49865
49863
50419
50549
48444
49198
51570
49606
50330
49832
49985
48446
50568
50307
49793
48900
50088
51629
51174
51118
50456
49287
49677
49628
49540
54105
50269
51843
49849
49410
49070
49663
51282
49437
50083
50059
53234
49566
49916
50418
50639
50726
50324
52620
50504
52512
56597
51720
53396
50411
50464
50745
51243
50431
51167
51379
52804
50636
49928
52770
51407
49797
51597
50617
53703
50524
50016
50379
50240
50707
52999
49807
54457
56683
49589
52380
49756
50278
49776
50202
49782
49306
50259
50912
51025
49924
50536
50283
49731
50099
51240
50304
49123
49825
53148
49396
50505
50230
49238
50501
50129
50842
52170
52023
49442
52939
49628
50666
51470
52050
52148
49737
52459
52788
51422
53822
49313
50814
50569
51318
51936
50566
51644
52666
49662
51148
50797
50397
52261
50782
49875
49771
51053
51993
49994
50502
50099
51441
50070
50057
50518
53346
49933
51320
51377
50558
50667
52501
49946
50732
50216
51164
54164
50372
50695
50434
51544
51869
49894
50298
56421
52425
49067
52603
48967
51528
51093
50662
54164
51498
49588
