39346
43546
45246
47852
42566
43656
42860
42931
45991
42349
40491
42895
41860
41687
42739
41551
43399
45218
41968
44139
41213
42859
41114
40809
42418
42155
40034
41643
42860
40538
40697
45143
40706
39677
39792
39303
43492
40868
42805
43041
41896
42459
51720
79346
61908
47185
46368
46495
41892
43553
42858
41768
44451
40835
41979
42965
40748
42198
40800
40819
39704
40428
40351
40922
40429
39797
39775
40513
41937
42532
41908
40309
41951
39588
40429
40595
45476
41845
40627
40420
39511
41234
42185
44521
41343
41959
42258
41054
41034
40894
41317
41859
42481
42282
41990
42385
42242
41479
41182
45321
43415
42944
40559
41076
41827
42300
41388
40892
42504
42068
40284
42660
41571
41453
41807
40312
40965
40758
41730
41049
41719
41564
40530
44476
40492
41413
41788
41305
40414
40316
41595
41195
40680
40261
40305
41119
40605
40443
40441
42781
41695
40790
40682
40928
39586
40900
43564
42948
41071
39988
40374
40551
45711
46582
50343
48236
46495
41116
46159
41776
40474
45386
41478
41293
41611
40475
40811
42187
40246
45134
42449
41767
40918
41444
41301
43147
41712
41555
41720
40487
40920
40785
40497
40697
42737
42576
41519
40777
41008
41239
43357
40829
44513
42224
40945
41194
40259
41404
41864
40428
40910
39900
41088
43782
41563
45965
45516
52063
48776
42649
40916
41395
45184
43648
48722
43749
43684
41031
40551
40019
41935
41137
41058
41449
41521
42399
42342
41504
41694
42080
42023
42445
40156
41646
43089
42467
41446
45833
43284
41339
41818
42967
42355
41670
41631
40839
42060
40661
41891
42509
41525
41652
42381
40638
41808
40548
41443
42488
50814
49448
51360
47188
46813
41582
44164
43965
43053
43028
42677
43831
41244
41291
40707
41472
42141
42104
41330
41226
42002
41951
41752
42271
40346
46460
44560
42301
40886
42351
41081
41365
41962
43335
43028
41650
42661
42587
40466
39792
42312
40942
43473
41614
41457
40838
42628
41298
44449
41462
42252
40569
41708
41570
41613
42951
41098
41280
41388
42905
40654
41446
41028
40456
41598
41447
40277
40791
43184
42683
43334
48950
43980
42084
43803
81964
52473
48940
44930
44466
42205
43524
41563
41578
41845
40827
40120
40318
40165
40800
39668
41294
40858
49642
40764
40407
40324
41182
41099
41694
42078
40643
39933
40381
40476
42313
40977
42063
40377
40979
40947
40208
40368
41223
41048
40295
41364
44864
40882
40389
40396
40776
40560
41496
43032
40737
42881
