30155
28946
28839
31278
30275
31658
28669
30197
26974
28028
31037
29216
29424
30542
28597
28970
33468
29480
27475
26704
30473
31227
32832
33091
37736
32464
29319
30600
34721
30000
29847
30061
32462
34404
32303
33352
34665
34881
29930
29611
31969
32008
29516
32557
31738
30262
29487
29890
28891
28046
34360
30606
30295
32301
29167
30402
29325
29679
29381
28309
27456
29262
29489
27793
31239
31213
29858
28475
28510
27256
30546
28552
29365
30626
29350
30668
28123
29780
29559
30574
29852
29870
32827
30251
28241
29429
28561
33367
32043
30871
30142
30522
31427
29300
29960
30200
30275
29135
28850
29770
28651
29568
30942
29037
29811
30028
28810
28618
29894
29711
28603
29687
28233
30001
36872
29503
28122
30008
28828
28698
28766
28686
29287
28538
29856
29730
29469
30234
29440
28697
29204
29166
29796
29921
29578
28494
27918
29998
28909
31648
29193
28798
28957
30713
27896
28533
30820
35935
31103
28601
31142
30486
31841
28763
29788
29399
30755
28427
28828
29557
28464
28322
29756
28565
29998
30684
29000
28556
28584
27665
29046
28361
27458
29042
28472
29176
29030
27658
28132
29879
28898
27836
30574
28593
29080
28617
29438
28295
28909
28048
31399
31029
28641
28717
27287
27629
28919
27819
28446
30805
29152
30270
29286
27094
29091
28161
28754
27675
31051
28258
30074
29186
31380
30178
28180
28869
28287
29463
29047
29459
29020
27729
29046
29409
27946
29985
29281
28610
29559
29555
31301
29499
30375
28867
28878
28843
29932
29548
29183
28180
28963
29108
29026
29391
30222
30937
27734
29323
28734
29862
28558
30655
28301
29946
30088
28064
28398
29122
30190
31502
29562
28772
28780
28020
29665
29320
28076
28454
30276
28574
28450
30366
27997
29457
29013
29236
29620
33832
29801
28227
29304
27907
28354
27643
28787
30511
30609
30332
29669
29550
29609
30441
28499
28113
29888
28980
31610
29345
28566
29778
29004
29683
33104
29576
30635
29982
30578
29334
31016
31951
32052
30136
29882
30464
29120
28766
29113
28614
30350
30017
29174
29575
28376
29147
29236
29013
30111
28828
31860
29212
29210
28647
28572
28815
28812
28015
29881
29163
29843
28226
29065
29018
31230
28521
28770
30518
30632
28226
27793
29090
27887
28673
28155
29597
29204
29684
28825
29110
28308
28422
27625
28257
29781
28956
28022
27622
29194
27091
28071
27130
27930
28121
29632
28039
27916
27585
30675
28206
27399
26667
29672
29162
27252
27967
27935
