36753
34686
34951
34250
34965
34602
35309
34624
34817
39929
37199
40458
34198
35827
34419
43576
38201
36821
37660
37280
36316
38330
35507
35200
35854
35995
35921
35910
36534
36705
39153
39157
34756
35579
35465
36359
37668
34871
34539
34514
35618
36753
35960
34798
36372
40740
36085
34780
34418
42150
50128
41474
37266
37293
39283
39426
35339
35300
33744
33814
34308
37151
36777
36453
40000
37029
41803
36943
33934
35405
35348
34610
36076
33960
34644
36477
35267
36490
34797
36558
35082
34889
35240
35983
33686
36360
33387
34506
36069
40380
37637
39426
39769
40097
39060
41175
38198
38899
40216
36384
40283
37488
38157
34221
34435
33790
33627
35477
59021
41382
35580
35317
37330
38480
38354
36992
36166
37847
36992
36483
34565
35594
34854
33226
33768
34044
32752
33738
35467
32688
33679
34369
36784
33684
34061
32947
35953
34211
34703
33613
34023
32872
34499
34124
33991
33240
34315
36400
35466
35348
33849
35764
34449
33792
33887
35992
37879
35552
37230
37444
34825
34614
35006
34060
34785
34811
34115
36416
33272
35908
34121
33899
36337
35642
36278
35160
34651
35012
35663
34958
34452
34707
34830
36076
35265
34201
33964
35655
34474
33410
33146
35044
35442
34634
34745
34473
33881
34935
35292
35544
35557
34799
36130
32714
35933
34088
35438
35388
36408
36585
35410
36127
34977
36939
36259
36057
34961
36854
37156
35519
35563
36219
35276
34746
35709
34721
35470
36263
35122
36630
34535
35306
36953
35939
34502
34355
36852
35928
34140
34385
34335
34933
36096
34234
33352
35922
36486
34554
35501
34989
34205
33754
33743
34084
34657
34834
38718
38270
34365
38659
34615
35748
34788
35458
35102
34771
34832
34928
36641
36259
36099
35979
36461
35407
35238
34980
34422
34944
33904
36081
34613
34693
36045
36662
35918
36675
35862
34937
34424
35558
34351
35338
34131
34911
35941
34516
34477
36016
34351
36233
35264
34590
34498
36724
36978
35321
35847
33998
36003
35815
36969
35597
37408
34291
34832
35949
35899
37214
35841
34947
36110
36823
34419
36835
35501
35150
36971
35887
35949
36744
35713
33719
35202
35102
35777
36583
34809
35582
35725
35389
35975
35213
34587
37685
35417
34534
34394
34095
33683
34660
34811
33770
34958
33726
35392
35574
33880
35119
35453
36041
36446
34587
35557
37295
35910
35416
34978
34920
34746
34250
34859
36013
37528
35310
35648
38831
38397
36562
39763
44437
36181
35483
36884
35941
34829
