21842
22278
21685
22277
22212
21466
22688
21802
21613
21560
22356
22100
21608
22135
21810
21795
21545
22943
22096
21906
21633
21833
21978
22557
22095
21636
22016
21966
21688
21667
21110
21785
21730
21608
21245
21608
21573
21741
21811
21386
21982
21970
21854
22008
22439
21073
21670
21714
21010
21222
21505
20929
20965
20884
21552
20864
20829
20694
20204
21189
20715
22366
20570
21900
21009
21353
20776
21181
21821
21204
21301
21410
21723
21490
21301
21065
21391
21133
21223
21116
20702
20889
20511
21006
20747
20983
20605
20958
20618
20798
20693
20810
21653
21410
21494
21436
21952
21007
22295
21580
22049
21656
21317
21754
22302
22058
22022
21230
21809
21316
21552
21285
21724
21356
20914
21264
21314
21603
21358
21252
21201
21376
21280
21665
21265
21254
21645
21479
21636
21396
21389
21608
21240
21737
21009
21443
22143
22098
21980
21718
22283
22544
21957
21860
22433
21865
22037
21770
24386
22381
22007
22182
21697
22346
21988
22026
22675
21974
21938
21800
21965
21474
22272
21874
22313
21911
21980
22517
21751
22231
22245
21967
21632
21842
21426
21925
21924
22125
21894
22169
21439
21403
21680
21346
21672
22037
21596
21279
21638
21338
22503
22032
21658
21729
21881
21404
21356
24562
21894
22438
23678
22417
22355
22465
22837
22719
22183
22729
23493
23314
22474
22662
22373
22339
22221
22801
22675
22448
22617
22655
23097
22427
22414
22393
23056
22846
22564
22049
38602
43698
30412
30279
24010
22606
23026
23170
23411
22886
22547
24064
22488
22358
22619
23148
23287
23206
22495
22398
22645
21939
22053
21998
22332
22113
22083
21901
22088
22355
23074
21542
21652
22261
21365
22280
21732
21558
21263
21780
21208
21439
21673
21201
24482
21717
22258
21170
21274
22045
21321
22139
21538
21303
22674
21434
22052
21420
21380
22421
21327
21360
21760
21378
21389
21715
21808
22333
21419
21192
21557
21477
21342
21395
21609
21501
21177
20933
20946
21022
20731
21134
20604
20591
21261
20726
20538
22585
21381
21230
21373
20920
20963
21201
21158
20839
20857
20663
21274
21096
20778
20506
20845
21740
20953
21268
21331
21049
21318
20916
21336
20653
21794
21814
20662
21313
21444
21129
20797
21878
22430
21760
22852
22516
22913
21765
21921
21760
21667
22468
22293
23843
21868
21319
22289
22012
21868
22337
22143
21526
21317
21766
21214
22668
23143
21932
23710
21870
21570
21476
32894
31760
25185
23096
23932
23444
22738
