30501
30938
34054
30075
28802
30125
29405
30253
33705
30453
28799
50326
62410
34669
33455
73946
50390
42079
41043
38467
35559
34856
32763
33189
30616
30501
31306
29981
31148
29927
29288
29922
29000
29915
32067
31318
30155
30025
30016
30372
29513
29905
30471
30027
29800
30258
29854
29433
29959
30483
29747
30676
30557
29423
29632
30123
30400
29966
29699
30734
28930
30394
30623
28939
29693
29201
31191
31252
29264
29243
28164
30213
28211
29528
29360
29214
28841
28262
29098
30110
29860
28860
29187
29772
32267
30071
29132
29194
29280
29345
29568
29447
29377
29938
29916
29109
28889
30034
32184
30500
32095
30162
29388
29366
29750
28591
30003
29114
29255
29877
30526
30698
29723
29604
29760
29296
29531
29468
29295
29990
29280
29512
29375
30818
29914
29956
30231
29234
30150
30368
29273
30798
31818
30649
30653
30187
30904
30713
30201
30530
30528
30312
30184
30099
30017
30535
30292
30771
30819
29924
30455
30185
30187
29829
29944
30967
30094
30308
30135
30542
29671
30745
32000
30561
29655
27987
29565
29885
28809
28982
29207
28716
28813
28570
28778
28474
28631
29388
28979
28533
29776
29230
29107
28982
29630
28219
28820
28271
28406
30040
29274
29408
30417
29048
30406
31927
30138
28848
29304
30219
29533
29517
28865
29062
28705
29173
28062
28606
29091
29600
28581
29393
29230
29284
29040
29303
28710
29450
29184
29427
28940
29911
29303
29139
29390
28886
29714
28799
31474
29935
29499
30762
29479
29180
29813
29746
29171
30529
29553
29363
29795
39837
44801
34918
29552
29160
31253
28948
29321
29427
29292
29316
29768
29622
30602
29122
29546
29495
30116
29808
28684
29113
28434
47361
41042
31204
28330
28296
28308
29297
28475
28646
28717
29032
28727
28829
27863
28792
29238
28854
28842
28898
28540
28412
28385
57397
33294
29064
28450
29035
30905
29978
29744
30264
30168
29557
29204
29619
29822
29574
29550
29067
29222
29724
29763
30412
29671
30275
29283
29332
30260
30194
30066
29455
30657
30212
29219
30104
29885
28952
29828
29411
30624
29823
29514
28686
29150
29470
29070
29990
29594
29014
29126
28464
29731
28714
29625
28508
33739
30542
29453
29390
29906
30230
28904
29755
29391
29626
29040
30547
29663
30378
28367
28919
29215
29575
29022
28972
29462
32291
29819
29475
29759
29541
29356
28946
30550
27654
29897
27971
28657
29014
28380
28732
28618
28442
28988
28398
29195
28830
28340
28728
28786
29033
28520
