25945
25068
25669
25926
25280
27442
25995
25548
26107
25657
25639
25252
25508
26079
26561
26401
27202
26508
25995
25888
25064
24673
26435
26035
27122
28188
28183
29888
27325
26111
25432
25181
25821
26604
27125
25729
25676
25526
25888
26080
25826
25700
25241
26869
27248
26133
25244
25915
26145
25950
26755
26479
26074
28285
26755
26248
25739
25801
25412
25767
26965
25887
30582
29831
26837
27521
25755
25921
26135
25981
27263
26594
27308
26968
30643
26754
25881
26189
26034
25783
26200
27937
26160
26361
25751
27053
26638
26249
25755
26380
27158
28070
26327
26310
26865
26347
26622
26939
26724
27161
28609
27073
25738
26151
26430
25713
26233
26581
25868
28089
26974
26030
26046
26832
25813
26482
26645
26603
26675
27272
26367
26384
26617
25808
26526
25945
26187
26183
25920
28051
26131
26474
25751
27677
26554
26568
27477
26951
27493
26533
26340
26022
25528
26232
25998
26639
27241
27324
27999
27272
26316
25931
25905
26259
25948
26923
27007
27456
26516
25375
25749
26229
26069
26864
26870
27118
26696
26041
27468
26266
25572
25744
26259
26782
25703
27879
25991
26369
26134
26171
26032
26453
26548
25669
26245
28790
26096
26623
25855
26552
25827
26796
26354
27149
28220
26679
26524
25295
26845
25566
27470
25482
27096
25882
29919
27722
27050
26104
26888
26480
26448
26394
28183
29054
26230
26704
26609
25980
26558
26159
26575
25869
27595
25448
27015
26542
26820
25763
26091
26690
28739
27718
27672
26124
26489
26581
26430
26242
26973
27689
28102
27686
26739
26473
26305
26204
25991
25973
26121
26351
27530
27657
26900
26435
25983
26094
26132
25643
26845
26637
28027
26291
26343
25928
26620
25584
26286
26826
25980
27998
26130
26990
25556
27491
26378
26466
27619
27078
27400
28125
27186
25635
26246
41281
32355
29916
31827
32883
33553
32501
33134
32501
31372
31678
35574
34816
30103
33219
29435
29596
30210
29173
34436
50254
33188
32254
32742
27526
27026
27959
25644
26830
28748
27001
26453
26775
27053
26625
25897
26590
26275
26674
26294
25386
25506
25535
27610
39037
35196
27164
27071
25498
26473
26109
25436
27074
26163
25586
26158
26979
29137
28611
31965
30709
34684
34523
30463
32829
28925
27655
25921
25207
24560
25311
25036
24942
25493
25693
25122
25843
25581
24873
27152
28321
27573
28858
34581
31378
29407
28398
29045
26858
26116
25400
26203
25583
26078
25271
25934
25373
25072
25527
25783
25299
25774
