24603
23106
26626
23767
23709
24321
23364
23515
23595
24426
23279
23783
23640
23890
23175
23753
23825
23433
23025
23543
23473
23358
23319
23549
23350
23520
23511
23407
24970
23849
23432
23545
23609
23542
23640
24344
23840
24130
23938
23893
23904
24164
23624
24361
26406
24209
23978
24167
23696
24127
24124
24053
25779
28615
24374
24009
30826
39229
31425
31042
28151
31153
32111
66308
55257
30335
26036
32744
28160
27354
30032
24755
29467
30754
25867
25342
24104
23769
24006
23013
22745
22504
23199
23414
23402
22732
23071
23586
23218
23343
22899
23878
23963
22222
23611
23101
22912
22649
23141
23871
24046
24249
23609
23267
23405
22433
23512
23294
23129
23584
23032
23481
23696
23250
22688
23675
22455
22791
23511
24017
23477
22964
23823
23128
23554
23338
23460
23940
23568
23354
23210
24027
23522
23534
22917
23347
23357
24031
23478
23253
25739
23186
24087
23099
23647
23441
23025
23459
23225
23606
23769
24438
24377
28068
24024
25392
24473
24802
27070
23277
24274
24377
23030
23659
24577
24875
23969
25398
23618
23373
23350
24418
24575
25039
25088
23696
24259
24673
25104
24964
26457
24450
23400
23686
23239
22863
23587
23236
23208
23420
23327
27649
31058
23613
24828
28643
27652
25478
25070
24127
24721
23428
26220
26314
23855
24097
23412
23880
23614
25216
23531
24494
23291
23554
22991
24340
24067
24302
23899
24531
55266
27934
24313
23548
23798
24244
23291
23471
24313
23420
22824
23537
23663
23397
24003
23819
23732
23359
23990
23288
23736
23471
23560
23199
23729
23697
24355
23570
23522
22937
23751
23184
23691
23393
23441
24642
24460
23912
23570
23458
23296
23868
23890
23263
23817
23897
23157
23326
23454
23648
22988
23328
23551
23748
24066
23877
22870
23285
23816
23568
23508
23791
23673
23556
23520
23867
23369
23879
23771
23760
23884
24164
24016
23635
23995
23664
26242
24024
24185
23407
23458
23447
23507
23574
23877
23705
23471
23476
23958
23227
23503
24268
23242
23059
23991
23494
24487
23721
23702
24179
23885
23604
24014
23485
24177
23690
24031
24195
23851
23537
23942
24533
24137
23951
23923
24238
25917
24378
24025
23796
23784
23964
24054
23946
23746
23857
23973
24081
24136
23753
23640
23718
23853
24357
23694
23707
23427
23905
23224
23760
23608
23387
23426
23841
23757
23211
23253
22985
23437
23438
23779
23617
23437
23101
23847
23191
23965
23608
23733
23688
23142
22949
23513
23490
23738
