22229
22181
22517
22666
22410
22951
22764
22668
22579
22226
22182
22171
21764
23247
22194
22679
22164
21909
21934
22181
22107
22184
22701
21533
21795
22272
22711
23094
22917
22690
22326
21879
22002
22847
22050
21903
22090
22260
22094
22713
21996
21750
22212
22263
22143
22454
23157
22213
24378
21902
22495
22436
23007
23234
21724
21896
21964
22138
22692
23527
22024
22696
22511
22742
22217
23156
22447
22342
23083
25117
23433
23138
24073
22760
22664
22635
22983
23387
23194
22848
22768
22888
22548
22459
22268
22938
23114
23632
23526
23191
23033
23338
24278
22899
23377
22862
22442
23429
22791
23225
23320
22400
22727
23018
22838
22544
22442
22712
22207
25090
23317
22859
22598
23991
22749
23178
22584
22962
22889
22502
22461
22895
22300
23045
22552
22712
23948
23664
22756
23404
22997
22587
23532
23737
23594
24305
23416
23159
23266
21456
21588
21971
21212
21602
21759
21844
21645
21473
22156
21793
22240
23445
22140
21783
21766
22095
21741
22107
21168
22024
22023
21395
21446
21945
20990
22300
22030
23215
22800
22473
22708
22051
23167
21896
22216
22301
22369
22896
21692
23095
21637
22109
21455
21500
21791
21388
21182
21319
21542
22124
21119
21982
21351
22407
22278
21188
21997
21809
22054
22538
21321
21453
21691
21891
21475
21697
20904
21438
20876
21458
21926
21426
21015
21753
21799
21293
21125
20923
22015
21605
20963
21799
20877
22072
22082
22417
22338
22120
21750
22869
22208
22142
21735
22628
22093
23029
24244
22249
22605
23035
22070
22247
22797
23366
22850
22415
22419
22756
22288
22562
22567
22452
22580
22009
22703
22475
22610
21610
22400
22686
22221
22379
22437
22864
23115
22357
22184
22285
22672
23007
22416
22316
22778
21936
22617
22619
22592
23787
22979
22011
22372
23617
23040
21926
22940
22743
23602
22882
21973
21946
22188
22203
22152
22291
22784
22801
21979
22392
22521
22575
22625
22406
22145
21877
23087
22027
22400
22106
21861
22770
22524
22700
22058
22993
22231
22738
23030
22753
23291
23520
23294
23343
22648
22775
22442
22983
23313
22652
22375
22470
22966
22248
22433
23917
24182
23632
23123
22708
23253
23034
23161
22801
22367
24733
22883
24329
23539
22821
23865
22108
22176
21786
22048
22859
21965
22305
21894
21830
22297
22776
23942
21998
22590
22326
22467
22402
22054
22773
22422
21925
23723
22458
21649
22822
22021
22411
21387
23115
22616
22320
21928
22671
22002
22273
22348
