21023
21784
21907
20917
21861
21477
21843
21279
21527
21489
20704
21854
21110
21126
20729
21610
21328
21446
21208
21101
21385
21296
21595
22502
22230
22023
23978
21760
21621
21331
20940
21714
21372
21138
21214
22027
21748
21134
21646
21850
21278
20913
21735
21522
20862
22287
20964
21487
22134
21319
21527
21337
21440
21703
21205
21154
21572
21472
20794
21363
21703
22762
21435
21650
21781
21525
21508
22036
21845
22252
23248
21612
21916
21552
21497
22106
21166
21901
21577
22246
22174
21919
22072
22396
21575
22578
22231
22500
22045
22637
22811
21771
21955
22104
22071
21923
21797
22352
22169
22204
21712
22213
21660
23046
21748
20231
20461
21089
21894
21300
21948
21470
23393
22923
20727
21549
20615
21189
20918
20718
20861
20776
21274
20866
21167
20693
21073
21626
20741
21186
21074
20936
20611
20668
21800
21285
20748
20963
20715
21288
21474
21136
21561
20681
20995
20563
20214
20667
21248
20771
21098
21513
21293
21396
21928
22106
22667
25343
22438
21307
21772
22149
21627
22826
21519
21943
21619
21325
21962
21707
21483
22731
22205
21912
21338
21867
21566
22744
22160
21917
21930
21996
21859
22513
21892
23003
21556
21832
21460
21991
21780
21911
22167
22050
22318
22262
21168
23058
22079
23554
24202
22579
22556
22654
21539
23352
21633
22536
21737
21895
22002
22172
22095
22319
21973
21456
21902
22217
21339
21452
21968
22977
21985
22807
21750
22056
21296
22255
22261
22290
21899
21789
22364
22008
22312
21376
22135
22655
21745
22339
22018
22791
25590
23253
22142
22365
21839
22097
22117
22785
22029
22178
22180
21722
21701
22025
21276
22027
22000
21766
22187
22318
22248
23316
22013
22831
21864
22693
22729
22563
22339
21751
22446
22348
22123
21885
22337
22070
22350
22367
22356
22572
21403
22163
23316
25039
22889
22471
22090
22785
22003
22582
21896
22539
22138
21915
21815
22465
22839
22226
22129
21920
21890
22710
22010
22198
22303
24692
21264
23070
22273
22772
22243
21213
21926
22737
23106
23739
22357
21804
22106
22699
21983
22465
22615
22305
22115
23073
24537
22850
21975
21783
21915
22232
22256
22900
21251
22513
21737
22190
22519
21826
21760
22202
21983
22087
21848
22325
22385
21661
23004
22175
22308
21770
22038
22543
22063
22521
22080
24715
21988
22627
21748
23167
21664
21900
22159
22680
22312
23407
25962
23036
23223
22408
22113
22402
23485
22442
22506
22021
22310
23059
22619
22190
22734
