17304
15881
15012
15540
17883
15677
15817
14740
16189
16028
15661
14914
15779
16793
16508
15649
16126
15686
14847
15982
14871
15704
16405
15650
15411
14700
14812
15062
15581
15164
15153
14823
15602
14744
15246
15155
16210
15987
16635
15571
14978
14906
16053
15422
15129
16404
16450
15846
15106
15528
15026
14919
14942
15314
14983
14404
15294
14602
15364
15164
17053
14871
15900
17949
15443
15203
14427
15289
14837
14631
14910
15088
14790
15432
14546
15783
15749
15255
14514
14963
14627
14038
13830
14561
15596
15968
14246
14637
15401
14945
15024
14204
15433
15489
14978
15092
15275
14367
15252
14484
16496
16028
14499
14014
15309
14591
14700
15303
15343
15489
14596
15587
14925
15611
15614
15744
14665
15850
15529
16055
14738
14776
16429
16271
15442
14584
15371
15033
14957
15124
16167
14028
15634
15323
14695
15646
15872
15598
14669
15944
15949
15783
14623
16589
16280
15077
14385
16164
15439
14510
15018
14602
15421
14514
15749
14679
14977
14416
14983
14902
15916
15643
14950
14690
15461
14049
14777
14719
15552
14771
14455
14777
14971
16506
14655
16047
16893
15792
14909
15487
15473
14974
15570
17148
15991
15683
15062
15368
16243
15297
14592
15282
15832
15565
14650
15156
14690
15831
15034
15498
15073
15186
14856
15680
15589
14447
14862
15383
15920
14893
15583
17164
21808
21735
17914
15735
15281
15260
14485
14923
15791
15711
15823
14657
15587
15021
15760
14376
16203
15068
15953
14777
15609
15315
15263
17298
15159
15876
15893
15330
14932
17728
15520
14931
15368
14832
15797
14915
15240
15027
15268
14554
16152
15222
15386
14220
15116
14065
15292
15041
14856
14501
14369
14902
15040
15839
15406
15338
16363
15487
14551
15973
14616
15779
15786
16482
15525
15803
15411
14613
15613
15452
15751
14910
15125
15203
15534
14929
15207
14829
15266
14277
15103
15162
14884
15405
16444
16133
15627
15389
15226
16724
17142
16284
14791
14929
15481
14674
17721
15261
15972
14867
16493
14985
15907
14507
15131
15351
14398
15126
14957
15892
14545
15182
14841
15722
14693
16689
15306
17050
15379
15808
15474
15844
15460
14794
16155
15519
15233
15154
15942
14955
15584
15050
15595
15738
16411
15472
15056
15679
15746
16113
15011
15528
14819
16189
15185
16282
16122
15381
15377
15100
17472
15289
16027
15174
15226
14896
15759
14972
15495
14442
15281
15188
14957
15558
16354
15354
14823
15260
14820
16840
16368
14365
15820
