31145
31890
29414
27545
26928
27053
27796
26828
25006
26328
28057
26577
29544
28870
27347
27573
27772
26594
26517
25336
25675
27310
28027
26794
27274
26496
25636
25941
26478
25995
25500
25863
32922
38842
31887
38788
40249
31802
34716
31652
33140
29979
31848
29175
32014
34029
31357
32589
38842
39334
31432
30885
31147
33328
36687
30651
30003
32971
32286
36887
42477
37588
38431
32357
26415
29514
28229
25582
26510
28732
27938
28079
27018
27027
26522
28324
26678
29864
39430
31546
30850
35000
31801
31210
32988
28200
28525
37437
31906
37581
31633
30274
29851
27534
27786
27536
27938
26603
26071
27471
29643
51823
34113
32820
31008
37529
28423
28112
28255
27898
30825
29531
30603
29726
37549
30945
31230
34985
31732
37975
32572
31055
29346
26907
28571
31487
31829
29422
28795
29599
29461
30703
28165
25169
26863
27309
29839
28994
38132
35111
31652
34051
28546
26613
28346
29693
30939
28915
27303
27307
25067
26229
29014
48179
36531
29380
26971
31993
27263
31041
38050
35410
27621
30287
28865
40004
38709
34510
26894
27918
26960
27570
30350
31861
36600
28062
31102
29666
27771
27752
32215
32072
26886
27105
26833
27914
28984
29652
31921
32489
29150
80983
46679
28643
26466
27794
27112
30684
30072
29656
31595
34740
30391
29800
29976
33830
32700
29017
32371
28762
34977
33879
27845
28333
36362
30496
29877
29222
32641
28096
30197
28337
27611
27381
27437
28687
33089
34294
40142
30462
27216
30510
31235
31959
31371
34982
32850
30307
30160
27747
26729
28226
26609
27235
28274
27069
27080
25814
28694
30145
36528
32891
32837
34814
30417
30523
30963
41674
44916
38401
36823
33756
40470
34751
43346
33041
35422
30782
29512
32474
36239
30561
28124
30420
29797
33854
33202
37025
34614
35641
28961
45648
31153
33219
30940
41188
33388
27991
29522
34816
28187
27339
31618
31256
29974
34662
29160
33286
28748
33841
31741
33471
36328
37191
29965
38040
29378
34075
36164
33346
48903
32553
37136
34707
44272
33417
34054
32996
28408
28873
33309
29161
29387
28768
27952
35807
29067
30031
34280
34775
30081
29642
33962
32032
31732
42344
31448
30234
30714
32385
33448
31596
28498
28163
31732
30219
30390
28563
32951
29404
30387
28706
28699
32187
35434
33373
78629
35116
35256
32409
28528
35747
29785
28621
28776
27291
29540
28205
27971
29068
31339
35449
39451
37913
33483
34236
37095
28196
29425
28206
26481
27927
30694
29170
28553
