50948
49347
51723
50718
51248
50843
51275
50619
50238
49388
51305
50321
49750
51592
51163
52534
50466
50672
50726
52748
51160
49735
51161
50733
49849
50405
49629
50228
50941
50970
51072
50680
50506
50860
53261
50769
50627
50995
52155
50080
50176
50499
50102
51092
49260
48678
50481
50221
50220
49489
48717
50559
49016
53284
50594
48854
48608
49590
50064
50327
52473
50766
50198
52789
49312
50946
51287
55460
49902
51782
51877
50362
53480
51430
50477
51159
53941
51162
49976
51516
50716
51040
51395
51914
50524
51427
50399
52833
50493
49531
50558
54316
50672
51337
51135
52245
50564
50333
50264
50493
49131
51060
49769
51075
49796
48673
49645
49542
49775
52504
53395
49857
49808
49358
50633
50718
48647
50388
51643
50292
50181
49774
60207
65187
53445
53787
55342
51211
51297
56016
52269
60181
52377
50824
51855
49655
49611
50108
50797
49525
49902
56662
55775
84731
62844
54127
50519
56223
51295
51066
53291
51538
49643
50134
50345
50217
50184
49898
50829
50450
50498
50075
51778
51367
50752
50041
57224
51354
50099
49354
51911
50826
50170
51491
51087
53338
50946
51161
52569
53062
50788
50431
51443
53127
52560
53762
50800
51805
52356
50056
56436
56581
50363
49363
50746
50309
50649
50148
51710
51059
51115
50123
51104
50982
52490
49795
52224
50640
53684
50255
51286
49159
49584
49256
51545
49626
48337
49162
49774
50532
49273
49008
51248
49284
55150
49781
49839
49403
49611
50159
49684
50118
50725
49438
50366
49383
49461
50304
50985
52040
49630
49472
51234
51696
52472
50053
51006
50709
51353
49952
49675
49868
50402
48752
50550
49760
49363
50197
50482
49939
52123
52981
53356
57032
53480
53619
52382
51607
51817
53169
51418
50574
52293
51564
52664
51676
51595
49745
52590
52193
51466
51626
54067
53093
51057
52238
52207
51365
52173
51962
52570
51310
51490
52939
53579
52290
51693
77053
65195
52130
54478
51813
52530
51803
53683
51640
53731
52833
54713
67572
54758
53837
52638
53159
52600
53687
50767
52853
58843
55230
52541
53810
53181
52496
52803
52019
54933
56542
51526
51575
52125
53271
53113
54404
55717
52937
57103
52090
51897
50106
52573
53147
52861
52472
51313
51264
52422
51261
51699
53200
56806
52110
53038
52641
53329
52789
51802
53045
53403
51741
53583
54991
51598
51597
53005
52578
53019
52693
52519
52406
51858
50194
50027
54880
53883
50665
51036
50291
50918
51797
51116
50639
52367
51084
49776
